========================================
  RÉSULTATS : 3voices_1_1_5_vtype_1_2
========================================

--- Configuration ---
CF                : 8 (Do Reference Grave)
Gamme indicative  : Majeur
Preset            : bryce
Borrow mode       : 0
Mode d'objectif   : pond (score lex pondéré)
Nombre de voix    : 3
Espèces (incl CF) : 1 0 4
v_type            : 1 2
Timeout max (ms)  : 180000
Stagnation (ms)   : 0
Cantus firmus     : 48 50 53 52 55 53 52 50 48
                    Do3 Ré3 Fa3 Mi3 Sol3 Fa3 Mi3 Ré3 Do3

--- Métriques de recherche ---
Temps total (ms)            : 180000.1
Temps 1ère solution (ms)    : 42.0
Temps dernière amélio. (ms) : 73619.8
Solutions trouvées          : 33
Améliorations de coût       : 33
Score pondéré           : 10546.0
Terminaison                 : TIMEOUT_MAX

--- Statistiques Gecode ---
Nœuds      : 2968413
Échecs     : 1484144
Restarts   : 0
Propagat.  : 979233356
Profondeur : 128

--- Améliorations ---
    Sol#    Temps (ms)       Coût
       1          42.0     23515.0
       2          43.6     23367.0
       3          43.9     23311.0
       4          50.4     20104.0
       5          50.8     20092.0
       6          51.4     20036.0
       7          96.3     19968.0
       8          96.7     19956.0
       9          96.9     19900.0
      10        6686.1     19888.0
      11        6686.9     19832.0
      12       12913.3     19776.0
      13       26445.0     18016.0
      14       26457.3     17948.0
      15       26564.1     17716.0
      16       26564.6     17704.0
      17       26564.8     17648.0
      18       26566.8     17580.0
      19       26686.2     14593.0
      20       26778.7     14581.0
      21       26779.5     14525.0
      22       27504.3     14469.0
      23       42188.6     14463.0
      24       51368.4     14407.0
      25       62108.1     13214.0
      26       62108.6     13158.0
      27       62200.2     13116.0
      28       62202.1     13036.0
      29       62202.5     12980.0
      30       67641.8     10710.0
      31       67656.6     10658.0
      32       67656.9     10602.0
      33       73619.8     10546.0

--- Évolution du vecteur de coûts (toutes les solutions BAB) ---
    Sol#    Temps (ms)        Cost  Vecteur lex
       1          42.0     23515.0  23156, 16, 0, 16, 6, 9, 160, 20, 90, 0, 0, 4, 30, 8
       2          43.6     23367.0  23012, 16, 0, 16, 6, 9, 160, 20, 90, 0, 0, 4, 24, 10
       3          43.9     23311.0  22958, 16, 0, 16, 6, 9, 160, 20, 90, 0, 0, 4, 24, 8
       4          50.4     20104.0  19794, 16, 0, 14, 6, 9, 120, 15, 90, 0, 0, 4, 28, 8
       5          50.8     20092.0  19782, 16, 0, 14, 6, 9, 120, 15, 90, 0, 0, 4, 26, 10
       6          51.4     20036.0  19728, 16, 0, 14, 6, 9, 120, 15, 90, 0, 0, 4, 26, 8
       7          96.3     19968.0  19662, 16, 0, 14, 6, 9, 120, 15, 90, 0, 0, 4, 24, 8
       8          96.7     19956.0  19650, 16, 0, 14, 6, 9, 120, 15, 90, 0, 0, 4, 22, 10
       9          96.9     19900.0  19596, 16, 0, 14, 6, 9, 120, 15, 90, 0, 0, 4, 22, 8
      10        6686.1     19888.0  19584, 16, 0, 14, 6, 9, 120, 15, 90, 0, 0, 4, 20, 10
      11        6686.9     19832.0  19530, 16, 0, 14, 6, 9, 120, 15, 90, 0, 0, 4, 20, 8
      12       12913.3     19776.0  19476, 16, 0, 14, 6, 9, 120, 15, 90, 0, 0, 4, 20, 6
      13       26445.0     18016.0  17746, 16, 2, 16, 6, 9, 120, 15, 50, 0, 0, 4, 24, 8
      14       26457.3     17948.0  17680, 16, 2, 16, 6, 9, 120, 15, 50, 0, 0, 4, 22, 8
      15       26564.1     17716.0  17448, 16, 0, 14, 6, 9, 120, 15, 50, 0, 0, 4, 26, 8
      16       26564.6     17704.0  17436, 16, 0, 14, 6, 9, 120, 15, 50, 0, 0, 4, 24, 10
      17       26564.8     17648.0  17382, 16, 0, 14, 6, 9, 120, 15, 50, 0, 0, 4, 24, 8
      18       26566.8     17580.0  17316, 16, 0, 14, 6, 9, 120, 15, 50, 0, 0, 4, 22, 8
      19       26686.2     14593.0  14372, 16, 0, 16, 6, 9, 80, 10, 50, 0, 0, 4, 22, 8
      20       26778.7     14581.0  14360, 16, 0, 16, 6, 9, 80, 10, 50, 0, 0, 4, 20, 10
      21       26779.5     14525.0  14306, 16, 0, 16, 6, 9, 80, 10, 50, 0, 0, 4, 20, 8
      22       27504.3     14469.0  14252, 16, 0, 16, 6, 9, 80, 10, 50, 0, 0, 4, 20, 6
      23       42188.6     14463.0  14244, 16, 0, 14, 6, 9, 80, 10, 52, 0, 0, 4, 20, 8
      24       51368.4     14407.0  14190, 16, 0, 14, 6, 9, 80, 10, 52, 0, 0, 4, 20, 6
      25       62108.1     13214.0  13007, 16, 0, 16, 6, 9, 40, 5, 81, 0, 0, 4, 20, 10
      26       62108.6     13158.0  12953, 16, 0, 16, 6, 9, 40, 5, 81, 0, 0, 4, 20, 8
      27       62200.2     13116.0  12909, 16, 0, 14, 6, 9, 40, 5, 81, 0, 0, 4, 24, 8
      28       62202.1     13036.0  12831, 16, 0, 14, 6, 9, 40, 5, 81, 0, 0, 4, 20, 10
      29       62202.5     12980.0  12777, 16, 0, 14, 6, 9, 40, 5, 81, 0, 0, 4, 20, 8
      30       67641.8     10710.0  10545, 16, 0, 14, 6, 9, 40, 5, 40, 0, 0, 4, 24, 7
      31       67656.6     10658.0  10494, 16, 0, 14, 6, 9, 40, 5, 40, 0, 0, 4, 20, 10
      32       67656.9     10602.0  10440, 16, 0, 14, 6, 9, 40, 5, 40, 0, 0, 4, 20, 8
      33       73619.8     10546.0  10386, 16, 0, 14, 6, 9, 40, 5, 40, 0, 0, 4, 20, 6

--- Solution (notes MIDI) ---
48 43 45 43 43 45 43 43 48 72 65 69 67 69 67 71 69 71 72 69 72 69 64 67 59 62 69 64 65 60 59 57 62 57 67 59 53 59 60 64 69 64 
