========================================
  RÉSULTATS : 3voices_1_1_5_vtype_1_3
========================================

--- Configuration ---
CF                : 8 (Do Reference Grave)
Gamme indicative  : Majeur
Preset            : bryce
Borrow mode       : 0
Mode d'objectif   : pond (score lex pondéré)
Nombre de voix    : 3
Espèces (incl CF) : 1 0 4
v_type            : 1 3
Timeout max (ms)  : 180000
Stagnation (ms)   : 0
Cantus firmus     : 48 50 53 52 55 53 52 50 48
                    Do3 Ré3 Fa3 Mi3 Sol3 Fa3 Mi3 Ré3 Do3

--- Métriques de recherche ---
Temps total (ms)            : 180000.0
Temps 1ère solution (ms)    : 43.6
Temps dernière amélio. (ms) : 166977.3
Solutions trouvées          : 16
Améliorations de coût       : 16
Score pondéré           : 39387.0
Terminaison                 : TIMEOUT_MAX

--- Statistiques Gecode ---
Nœuds      : 2902321
Échecs     : 1451115
Restarts   : 0
Propagat.  : 1085646260
Profondeur : 131

--- Améliorations ---
    Sol#    Temps (ms)       Coût
       1          43.6     43681.0
       2          44.2     43573.0
       3          44.8     43517.0
       4        4151.1     43449.0
       5        4152.0     43393.0
       6       36897.5     43387.0
       7       43701.2     43331.0
       8       57610.2     43308.0
       9       57610.8     40143.0
      10       77271.1     40108.0
      11      123824.1     39747.0
      12      123825.5     39611.0
      13      123836.6     39503.0
      14      157977.5     39499.0
      15      157979.4     39443.0
      16      166977.3     39387.0

--- Évolution du vecteur de coûts (toutes les solutions BAB) ---
    Sol#    Temps (ms)        Cost  Vecteur lex
       1          43.6     43681.0  42937, 0, 0, 18, 7, 9, 40, 5, 628, 0, 0, 4, 22, 11
       2          44.2     43573.0  42832, 0, 0, 18, 7, 9, 40, 5, 628, 0, 0, 4, 18, 12
       3          44.8     43517.0  42778, 0, 0, 18, 7, 9, 40, 5, 628, 0, 0, 4, 18, 10
       4        4151.1     43449.0  42712, 0, 0, 18, 7, 9, 40, 5, 628, 0, 0, 4, 16, 10
       5        4152.0     43393.0  42658, 0, 0, 18, 7, 9, 40, 5, 628, 0, 0, 4, 16, 8
       6       36897.5     43387.0  42650, 0, 0, 16, 7, 9, 40, 5, 630, 0, 0, 4, 16, 10
       7       43701.2     43331.0  42596, 0, 0, 16, 7, 9, 40, 5, 630, 0, 0, 4, 16, 8
       8       57610.2     43308.0  42573, 0, 0, 16, 8, 9, 40, 5, 627, 0, 0, 4, 18, 8
       9       57610.8     40143.0  39453, 0, 0, 16, 8, 9, 0, 0, 627, 0, 0, 4, 18, 8
      10       77271.1     40108.0  39419, 0, 0, 16, 7, 9, 0, 0, 629, 0, 0, 4, 16, 8
      11      123824.1     39747.0  39061, 0, 0, 16, 6, 9, 0, 0, 620, 0, 0, 4, 24, 7
      12      123825.5     39611.0  38929, 0, 0, 16, 6, 9, 0, 0, 620, 0, 0, 4, 20, 7
      13      123836.6     39503.0  38824, 0, 0, 16, 6, 9, 0, 0, 620, 0, 0, 4, 16, 8
      14      157977.5     39499.0  38818, 0, 0, 16, 6, 9, 0, 0, 618, 0, 0, 4, 16, 12
      15      157979.4     39443.0  38764, 0, 0, 16, 6, 9, 0, 0, 618, 0, 0, 4, 16, 10
      16      166977.3     39387.0  38710, 0, 0, 16, 6, 9, 0, 0, 618, 0, 0, 4, 16, 8

--- Solution (notes MIDI) ---
48 43 45 43 43 45 43 43 48 77 71 76 74 76 72 67 71 67 77 65 64 65 59 67 65 64 59 67 69 72 71 69 77 69 74 71 76 71 67 64 69 64 
