========================================
  RÉSULTATS : 3voices_1_1_5_vtype_1_4
========================================

--- Configuration ---
CF                : 8 (Do Reference Grave)
Gamme indicative  : Majeur
Preset            : bryce
Borrow mode       : 0
Mode d'objectif   : pond (score lex pondéré)
Nombre de voix    : 3
Espèces (incl CF) : 1 0 4
v_type            : 1 4
Timeout max (ms)  : 180000
Stagnation (ms)   : 0
Cantus firmus     : 48 50 53 52 55 53 52 50 48
                    Do3 Ré3 Fa3 Mi3 Sol3 Fa3 Mi3 Ré3 Do3

--- Métriques de recherche ---
Temps total (ms)            : 180000.2
Temps 1ère solution (ms)    : 395.6
Temps dernière amélio. (ms) : 162449.0
Solutions trouvées          : 16
Améliorations de coût       : 16
Score pondéré           : 17956.0
Terminaison                 : TIMEOUT_MAX

--- Statistiques Gecode ---
Nœuds      : 1033096
Échecs     : 516502
Restarts   : 0
Propagat.  : 414665635
Profondeur : 124

--- Améliorations ---
    Sol#    Temps (ms)       Coût
       1         395.6     19940.0
       2         397.4     19872.0
       3         397.7     19804.0
       4      108726.6     19628.0
       5      114767.4     19572.0
       6      160689.0     19364.0
       7      160690.0     19296.0
       8      160690.9     19240.0
       9      160692.0     19106.0
      10      160693.0     19050.0
      11      160722.6     18326.0
      12      160723.5     18202.0
      13      160821.1     18190.0
      14      160823.5     18134.0
      15      162446.9     18024.0
      16      162449.0     17956.0

--- Évolution du vecteur de coûts (toutes les solutions BAB) ---
    Sol#    Temps (ms)        Cost  Vecteur lex
       1         395.6     19940.0  19636, 16, 2, 14, 8, 9, 120, 15, 82, 0, 0, 4, 28, 6
       2         397.4     19872.0  19570, 16, 2, 14, 8, 9, 120, 15, 82, 0, 0, 4, 26, 6
       3         397.7     19804.0  19504, 16, 2, 14, 8, 9, 120, 15, 82, 0, 0, 4, 24, 6
       4      108726.6     19628.0  19330, 16, 2, 14, 8, 9, 120, 15, 78, 0, 0, 4, 24, 8
       5      114767.4     19572.0  19276, 16, 2, 14, 8, 9, 120, 15, 78, 0, 0, 4, 24, 6
       6      160689.0     19364.0  19075, 24, 4, 16, 8, 9, 120, 15, 48, 0, 0, 4, 32, 9
       7      160690.0     19296.0  19009, 24, 4, 16, 8, 9, 120, 15, 48, 0, 0, 4, 30, 9
       8      160690.9     19240.0  18955, 24, 4, 16, 8, 9, 120, 15, 48, 0, 0, 4, 30, 7
       9      160692.0     19106.0  18821, 24, 2, 16, 8, 9, 120, 15, 48, 0, 0, 4, 30, 9
      10      160693.0     19050.0  18767, 24, 2, 16, 8, 9, 120, 15, 48, 0, 0, 4, 30, 7
      11      160722.6     18326.0  18048, 16, 2, 16, 8, 9, 120, 15, 48, 0, 0, 4, 30, 10
      12      160723.5     18202.0  17928, 16, 2, 16, 8, 9, 120, 15, 48, 0, 0, 4, 28, 8
      13      160821.1     18190.0  17916, 16, 2, 16, 8, 9, 120, 15, 48, 0, 0, 4, 26, 10
      14      160823.5     18134.0  17862, 16, 2, 16, 8, 9, 120, 15, 48, 0, 0, 4, 26, 8
      15      162446.9     18024.0  17752, 16, 2, 14, 8, 9, 120, 15, 48, 0, 0, 4, 28, 8
      16      162449.0     17956.0  17686, 16, 2, 14, 8, 9, 120, 15, 48, 0, 0, 4, 26, 8

--- Solution (notes MIDI) ---
48 43 45 43 43 45 43 43 48 84 77 81 79 81 79 83 81 83 84 81 84 81 76 79 71 74 71 72 71 64 72 76 65 76 72 71 62 71 76 64 67 64 
--- isThirdSpeciesArray (CP2) ---
{0, 0, 0, 0, 0, 1, 0, 0, 0, 0, 0, 0, 0, 1, 1, 1, 1, 1, 1, 1, 1, 1, 0, 0, 0, 0, 0, 0, 0, 0, 0, 0, 0}
