========================================
  RÉSULTATS : 3voices_1_1_5_vtype_2_4
========================================

--- Configuration ---
CF                : 8 (Do Reference Grave)
Gamme indicative  : Majeur
Preset            : bryce
Borrow mode       : 0
Mode d'objectif   : pond (score lex pondéré)
Nombre de voix    : 3
Espèces (incl CF) : 1 0 4
v_type            : 2 4
Timeout max (ms)  : 180000
Stagnation (ms)   : 0
Cantus firmus     : 48 50 53 52 55 53 52 50 48
                    Do3 Ré3 Fa3 Mi3 Sol3 Fa3 Mi3 Ré3 Do3

--- Métriques de recherche ---
Temps total (ms)            : 180000.1
Temps 1ère solution (ms)    : 169.3
Temps dernière amélio. (ms) : 38040.5
Solutions trouvées          : 18
Améliorations de coût       : 18
Score pondéré           : 27584.0
Terminaison                 : TIMEOUT_MAX

--- Statistiques Gecode ---
Nœuds      : 3184430
Échecs     : 1592170
Restarts   : 0
Propagat.  : 869861634
Profondeur : 126

--- Améliorations ---
    Sol#    Temps (ms)       Coût
       1         169.3     31813.0
       2         172.3     31705.0
       3         172.5     31649.0
       4         173.8     31073.0
       5         175.1     30909.0
       6         177.7     30897.0
       7         909.1     30817.0
       8         914.9     30761.0
       9       33313.8     29214.0
      10       33314.1     28968.0
      11       33316.4     28832.0
      12       33854.9     28806.0
      13       34066.1     28698.0
      14       35198.8     28642.0
      15       37755.6     27968.0
      16       37756.9     27776.0
      17       38034.7     27640.0
      18       38040.5     27584.0

--- Évolution du vecteur de coûts (toutes les solutions BAB) ---
    Sol#    Temps (ms)        Cost  Vecteur lex
       1         169.3     31813.0  31337, 32, 6, 14, 6, 7, 240, 30, 71, 0, 0, 42, 26, 2
       2         172.3     31705.0  31232, 32, 6, 14, 6, 7, 240, 30, 71, 0, 0, 42, 22, 3
       3         172.5     31649.0  31178, 32, 6, 14, 6, 7, 240, 30, 71, 0, 0, 42, 22, 1
       4         173.8     31073.0  30603, 24, 6, 14, 6, 7, 240, 30, 71, 0, 0, 42, 28, 2
       5         175.1     30909.0  30444, 24, 6, 14, 6, 7, 240, 30, 71, 0, 0, 42, 24, 1
       6         177.7     30897.0  30432, 24, 6, 14, 6, 7, 240, 30, 71, 0, 0, 42, 22, 3
       7         909.1     30817.0  30354, 24, 6, 14, 6, 7, 240, 30, 71, 0, 0, 42, 18, 5
       8         914.9     30761.0  30300, 24, 6, 14, 6, 7, 240, 30, 71, 0, 0, 42, 18, 3
       9       33313.8     29214.0  28778, 32, 10, 16, 6, 7, 200, 25, 73, 0, 0, 42, 22, 3
      10       33314.1     28968.0  28536, 32, 8, 16, 6, 7, 200, 25, 73, 0, 0, 42, 22, 1
      11       33316.4     28832.0  28404, 32, 8, 16, 6, 7, 200, 25, 73, 0, 0, 42, 18, 1
      12       33854.9     28806.0  28375, 32, 6, 16, 6, 7, 200, 25, 73, 0, 0, 42, 22, 2
      13       34066.1     28698.0  28270, 32, 6, 16, 6, 7, 200, 25, 73, 0, 0, 42, 18, 3
      14       35198.8     28642.0  28216, 32, 6, 16, 6, 7, 200, 25, 73, 0, 0, 42, 18, 1
      15       37755.6     27968.0  27540, 24, 4, 16, 6, 7, 200, 25, 71, 0, 0, 42, 26, 7
      16       37756.9     27776.0  27354, 24, 4, 16, 6, 7, 200, 25, 71, 0, 0, 42, 22, 5
      17       38034.7     27640.0  27222, 24, 4, 16, 6, 7, 200, 25, 71, 0, 0, 42, 18, 5
      18       38040.5     27584.0  27168, 24, 4, 16, 6, 7, 200, 25, 71, 0, 0, 42, 18, 3

--- Solution (notes MIDI) ---
60 62 50 48 48 50 48 53 52 84 77 81 79 81 79 74 77 74 84 81 84 81 79 84 72 69 62 67 74 81 77 76 74 76 81 83 84 83 77 72 74 72 
