========================================
  RÉSULTATS : 3voices_1_1_5_vtype_2_3
========================================

--- Configuration ---
CF                : 8 (Do Reference Grave)
Gamme indicative  : Majeur
Preset            : bryce
Borrow mode       : 0
Mode d'objectif   : pond (score lex pondéré)
Nombre de voix    : 3
Espèces (incl CF) : 1 0 4
v_type            : 2 3
Timeout max (ms)  : 180000
Stagnation (ms)   : 0
Cantus firmus     : 48 50 53 52 55 53 52 50 48
                    Do3 Ré3 Fa3 Mi3 Sol3 Fa3 Mi3 Ré3 Do3

--- Métriques de recherche ---
Temps total (ms)            : 180000.1
Temps 1ère solution (ms)    : 34.0
Temps dernière amélio. (ms) : 150914.2
Solutions trouvées          : 31
Améliorations de coût       : 31
Score pondéré           : 8749.0
Terminaison                 : TIMEOUT_MAX

--- Statistiques Gecode ---
Nœuds      : 3178293
Échecs     : 1589088
Restarts   : 0
Propagat.  : 885315253
Profondeur : 128

--- Améliorations ---
    Sol#    Temps (ms)       Coût
       1          34.0     45236.0
       2          42.8     45224.0
       3        1253.2     45168.0
       4        3416.5     45156.0
       5        3870.2     45100.0
       6       25428.0     45090.0
       7       25428.9     45034.0
       8       26157.0     42171.0
       9       26159.0     42115.0
      10       26160.2     42103.0
      11       26160.6     42047.0
      12       26175.4     41991.0
      13       75171.0     15149.0
      14       75171.6     15093.0
      15       75582.9     12118.0
      16       76560.1     12106.0
      17       77936.2     12038.0
      18       78145.1     11982.0
      19      104308.5     11932.0
      20      118674.4     11876.0
      21      148368.5     11848.0
      22      148368.8     11792.0
      23      148665.6      9445.0
      24      148667.2      9267.0
      25      148669.6      9119.0
      26      148674.1      9063.0
      27      148683.4      8995.0
      28      148689.2      8939.0
      29      149378.8      8861.0
      30      149379.9      8805.0
      31      150914.2      8749.0

--- Évolution du vecteur de coûts (toutes les solutions BAB) ---
    Sol#    Temps (ms)        Cost  Vecteur lex
       1          34.0     45236.0  44456, 0, 0, 16, 6, 7, 40, 5, 641, 0, 0, 42, 18, 5
       2          42.8     45224.0  44444, 0, 0, 16, 6, 7, 40, 5, 641, 0, 0, 42, 16, 7
       3        1253.2     45168.0  44390, 0, 0, 16, 6, 7, 40, 5, 641, 0, 0, 42, 16, 5
       4        3416.5     45156.0  44378, 0, 0, 16, 6, 7, 40, 5, 641, 0, 0, 42, 14, 7
       5        3870.2     45100.0  44324, 0, 0, 16, 6, 7, 40, 5, 641, 0, 0, 42, 14, 5
       6       25428.0     45090.0  44310, 0, 0, 14, 6, 7, 40, 5, 641, 0, 0, 42, 14, 11
       7       25428.9     45034.0  44256, 0, 0, 14, 6, 7, 40, 5, 641, 0, 0, 42, 14, 9
       8       26157.0     42171.0  41432, 0, 0, 16, 6, 7, 0, 0, 641, 0, 0, 42, 16, 11
       9       26159.0     42115.0  41378, 0, 0, 16, 6, 7, 0, 0, 641, 0, 0, 42, 16, 9
      10       26160.2     42103.0  41366, 0, 0, 16, 6, 7, 0, 0, 641, 0, 0, 42, 14, 11
      11       26160.6     42047.0  41312, 0, 0, 16, 6, 7, 0, 0, 641, 0, 0, 42, 14, 9
      12       26175.4     41991.0  41258, 0, 0, 16, 6, 7, 0, 0, 641, 0, 0, 42, 14, 7
      13       75171.0     15149.0  14895, 0, 0, 14, 6, 7, 80, 10, 70, 0, 0, 42, 16, 9
      14       75171.6     15093.0  14841, 0, 0, 14, 6, 7, 80, 10, 70, 0, 0, 42, 16, 7
      15       75582.9     12118.0  11909, 0, 0, 16, 6, 7, 40, 5, 70, 0, 0, 42, 18, 5
      16       76560.1     12106.0  11897, 0, 0, 16, 6, 7, 40, 5, 70, 0, 0, 42, 16, 7
      17       77936.2     12038.0  11831, 0, 0, 16, 6, 7, 40, 5, 70, 0, 0, 42, 14, 7
      18       78145.1     11982.0  11777, 0, 0, 16, 6, 7, 40, 5, 70, 0, 0, 42, 14, 5
      19      104308.5     11932.0  11726, 0, 0, 16, 6, 7, 40, 5, 67, 0, 0, 42, 16, 7
      20      118674.4     11876.0  11672, 0, 0, 16, 6, 7, 40, 5, 67, 0, 0, 42, 16, 5
      21      148368.5     11848.0  11640, 0, 0, 14, 6, 7, 40, 5, 66, 0, 0, 42, 18, 10
      22      148368.8     11792.0  11586, 0, 0, 14, 6, 7, 40, 5, 66, 0, 0, 42, 18, 8
      23      148665.6      9445.0  9270, 0, 4, 16, 6, 7, 0, 0, 66, 0, 0, 42, 24, 10
      24      148667.2      9267.0  9094, 0, 2, 16, 6, 7, 0, 0, 66, 0, 0, 42, 26, 8
      25      148669.6      9119.0  8950, 0, 2, 16, 6, 7, 0, 0, 66, 0, 0, 42, 20, 10
      26      148674.1      9063.0  8896, 0, 2, 16, 6, 7, 0, 0, 66, 0, 0, 42, 20, 8
      27      148683.4      8995.0  8830, 0, 2, 16, 6, 7, 0, 0, 66, 0, 0, 42, 18, 8
      28      148689.2      8939.0  8776, 0, 2, 16, 6, 7, 0, 0, 66, 0, 0, 42, 18, 6
      29      149378.8      8861.0  8696, 0, 0, 16, 6, 7, 0, 0, 66, 0, 0, 42, 18, 10
      30      149379.9      8805.0  8642, 0, 0, 16, 6, 7, 0, 0, 66, 0, 0, 42, 18, 8
      31      150914.2      8749.0  8588, 0, 0, 16, 6, 7, 0, 0, 66, 0, 0, 42, 18, 6

--- Solution (notes MIDI) ---
60 62 50 48 48 50 48 53 52 77 71 76 74 76 72 77 71 77 74 76 77 76 74 62 60 64 57 62 69 65 64 60 60 60 69 71 72 71 74 76 77 76 
