========================================
  RÉSULTATS : 3voices_1_1_5_vtype_3_4
========================================

--- Configuration ---
CF                : 8 (Do Reference Grave)
Gamme indicative  : Majeur
Preset            : bryce
Borrow mode       : 0
Mode d'objectif   : pond (score lex pondéré)
Nombre de voix    : 3
Espèces (incl CF) : 1 0 4
v_type            : 3 4
Timeout max (ms)  : 180000
Stagnation (ms)   : 0
Cantus firmus     : 48 50 53 52 55 53 52 50 48
                    Do3 Ré3 Fa3 Mi3 Sol3 Fa3 Mi3 Ré3 Do3

--- Métriques de recherche ---
Temps total (ms)            : 180000.0
Temps 1ère solution (ms)    : 70.2
Temps dernière amélio. (ms) : 120880.5
Solutions trouvées          : 17
Améliorations de coût       : 16
Score pondéré           : 23568.0
Terminaison                 : TIMEOUT_MAX

--- Statistiques Gecode ---
Nœuds      : 1414521
Échecs     : 707218
Restarts   : 0
Propagat.  : 514630098
Profondeur : 100

--- Améliorations ---
    Sol#    Temps (ms)       Coût
       1          70.2     30732.0
       2          71.7     30676.0
       3          72.4     27431.0
       4          72.8     27375.0
       5          73.5     27265.0
       6          73.8     27197.0
       7         151.6     27141.0
       8         419.0     24100.0
       9         420.5     24088.0
      10         422.0     24032.0
      11         506.4     23976.0
      12       11763.4     23868.0
      13       11824.9     23812.0
      15      120581.6     23802.0
      16      120879.4     23624.0
      17      120880.5     23568.0

--- Évolution du vecteur de coûts (toutes les solutions BAB) ---
    Sol#    Temps (ms)        Cost  Vecteur lex
       1          70.2     30732.0  30258, 8, 6, 18, 7, 2, 284, 35, 23, 0, 0, 43, 30, 18
       2          71.7     30676.0  30204, 8, 6, 18, 7, 2, 284, 35, 23, 0, 0, 43, 30, 16
       3          72.4     27431.0  27006, 8, 6, 18, 7, 2, 244, 30, 23, 0, 0, 43, 26, 18
       4          72.8     27375.0  26952, 8, 6, 18, 7, 2, 244, 30, 23, 0, 0, 43, 26, 16
       5          73.5     27265.0  26842, 8, 6, 16, 7, 2, 244, 30, 23, 0, 0, 43, 28, 16
       6          73.8     27197.0  26776, 8, 6, 16, 7, 2, 244, 30, 23, 0, 0, 43, 26, 16
       7         151.6     27141.0  26722, 8, 6, 16, 7, 2, 244, 30, 23, 0, 0, 43, 26, 14
       8         419.0     24100.0  23722, 8, 6, 16, 7, 2, 204, 25, 23, 0, 0, 43, 28, 16
       9         420.5     24088.0  23710, 8, 6, 16, 7, 2, 204, 25, 23, 0, 0, 43, 26, 18
      10         422.0     24032.0  23656, 8, 6, 16, 7, 2, 204, 25, 23, 0, 0, 43, 26, 16
      11         506.4     23976.0  23602, 8, 6, 16, 7, 2, 204, 25, 23, 0, 0, 43, 26, 14
      12       11763.4     23868.0  23497, 8, 6, 16, 7, 2, 204, 25, 23, 0, 0, 43, 22, 15
      13       11824.9     23812.0  23443, 8, 6, 16, 7, 2, 204, 25, 23, 0, 0, 43, 22, 13
      14      117248.2     23814.0  23441, 8, 4, 16, 7, 2, 204, 25, 23, 0, 0, 43, 26, 15
      15      120581.6     23802.0  23429, 8, 4, 16, 7, 2, 204, 25, 23, 0, 0, 43, 24, 17
      16      120879.4     23624.0  23253, 8, 4, 14, 7, 2, 204, 25, 23, 0, 0, 43, 24, 17
      17      120880.5     23568.0  23199, 8, 4, 14, 7, 2, 204, 25, 23, 0, 0, 43, 24, 15

--- Solution (notes MIDI) ---
60 62 74 71 71 72 67 69 67 84 77 81 79 81 79 77 84 77 79 84 83 84 79 83 84 83 81 79 76 84 77 76 64 76 67 65 72 65 77 76 84 76 
--- isThirdSpeciesArray (CP2) ---
{0, 0, 0, 0, 0, 1, 0, 0, 0, 0, 0, 0, 0, 1, 1, 1, 1, 1, 1, 1, 1, 1, 0, 0, 0, 0, 0, 0, 0, 0, 0, 0, 0}
