========================================
  RÉSULTATS : 3voices_1_1_5_vtype_3_3
========================================

--- Configuration ---
CF                : 8 (Do Reference Grave)
Gamme indicative  : Majeur
Preset            : bryce
Borrow mode       : 0
Mode d'objectif   : pond (score lex pondéré)
Nombre de voix    : 3
Espèces (incl CF) : 1 0 4
v_type            : 3 3
Timeout max (ms)  : 180000
Stagnation (ms)   : 0
Cantus firmus     : 48 50 53 52 55 53 52 50 48
                    Do3 Ré3 Fa3 Mi3 Sol3 Fa3 Mi3 Ré3 Do3

--- Métriques de recherche ---
Temps total (ms)            : 180000.0
Temps 1ère solution (ms)    : 37.6
Temps dernière amélio. (ms) : 177810.0
Solutions trouvées          : 19
Améliorations de coût       : 19
Score pondéré           : 48248.0
Terminaison                 : TIMEOUT_MAX

--- Statistiques Gecode ---
Nœuds      : 3052528
Échecs     : 1526220
Restarts   : 0
Propagat.  : 897140092
Profondeur : 105

--- Améliorations ---
    Sol#    Temps (ms)       Coût
       1          37.6     54393.0
       2          40.4     54285.0
       3          41.2     54229.0
       4          56.9     54065.0
       5        3609.5     54053.0
       6        3633.0     53997.0
       7       27237.8     49130.0
       8       27239.1     48924.0
       9       27243.5     48816.0
      10       27247.8     48760.0
      11       33691.4     48704.0
      12      107541.8     48636.0
      13      107546.7     48580.0
      14      110740.6     48524.0
      15      177221.2     48496.0
      16      177221.4     48440.0
      17      177792.8     48428.0
      18      177793.2     48372.0
      19      177810.0     48248.0

--- Évolution du vecteur de coûts (toutes les solutions BAB) ---
    Sol#    Temps (ms)        Cost  Vecteur lex
       1          37.6     54393.0  53477, 16, 0, 16, 7, 2, 123, 15, 653, 0, 0, 45, 24, 15
       2          40.4     54285.0  53372, 16, 0, 16, 7, 2, 123, 15, 653, 0, 0, 45, 20, 16
       3          41.2     54229.0  53318, 16, 0, 16, 7, 2, 123, 15, 653, 0, 0, 45, 20, 14
       4          56.9     54065.0  53159, 16, 0, 16, 7, 2, 123, 15, 653, 0, 0, 45, 16, 13
       5        3609.5     54053.0  53147, 16, 0, 16, 7, 2, 123, 15, 653, 0, 0, 45, 14, 15
       6        3633.0     53997.0  53093, 16, 0, 16, 7, 2, 123, 15, 653, 0, 0, 45, 14, 13
       7       27237.8     49130.0  48300, 16, 2, 18, 7, 2, 83, 10, 614, 0, 0, 45, 18, 15
       8       27239.1     48924.0  48097, 16, 2, 16, 7, 2, 83, 10, 614, 0, 0, 45, 18, 14
       9       27243.5     48816.0  47992, 16, 2, 16, 7, 2, 83, 10, 614, 0, 0, 45, 14, 15
      10       27247.8     48760.0  47938, 16, 2, 16, 7, 2, 83, 10, 614, 0, 0, 45, 14, 13
      11       33691.4     48704.0  47884, 16, 2, 16, 7, 2, 83, 10, 614, 0, 0, 45, 14, 11
      12      107541.8     48636.0  47813, 16, 0, 16, 7, 2, 83, 10, 613, 0, 0, 45, 16, 15
      13      107546.7     48580.0  47759, 16, 0, 16, 7, 2, 83, 10, 613, 0, 0, 45, 16, 13
      14      110740.6     48524.0  47705, 16, 0, 16, 7, 2, 83, 10, 613, 0, 0, 45, 16, 11
      15      177221.2     48496.0  47674, 16, 2, 16, 7, 2, 83, 10, 604, 0, 0, 45, 20, 17
      16      177221.4     48440.0  47620, 16, 2, 16, 7, 2, 83, 10, 604, 0, 0, 45, 20, 15
      17      177792.8     48428.0  47608, 16, 2, 16, 7, 2, 83, 10, 604, 0, 0, 45, 18, 17
      18      177793.2     48372.0  47554, 16, 2, 16, 7, 2, 83, 10, 604, 0, 0, 45, 18, 15
      19      177810.0     48248.0  47434, 16, 2, 16, 7, 2, 83, 10, 604, 0, 0, 45, 16, 13

--- Solution (notes MIDI) ---
60 62 74 71 71 72 67 69 64 59 71 64 72 64 71 65 77 65 74 76 77 76 72 67 60 67 71 64 62 65 64 60 59 60 64 65 67 65 71 72 74 72 
