========================================
  RÉSULTATS : 3voices_1_1_2_vtype_2_1
========================================

--- Configuration ---
CF                : 8 (Do Reference Grave)
Gamme indicative  : Majeur
Preset            : bryce
Borrow mode       : 0
Mode d'objectif   : pond (score lex pondéré)
Nombre de voix    : 3
Espèces (incl CF) : 1 0 1
v_type            : 2 1
Timeout max (ms)  : 180000
Stagnation (ms)   : 0
Cantus firmus     : 48 50 53 52 55 53 52 50 48
                    Do3 Ré3 Fa3 Mi3 Sol3 Fa3 Mi3 Ré3 Do3

--- Métriques de recherche ---
Temps total (ms)            : 180000.0
Temps 1ère solution (ms)    : 10.8
Temps dernière amélio. (ms) : 71225.4
Solutions trouvées          : 60
Améliorations de coût       : 59
Score pondéré           : 4090.0
Terminaison                 : TIMEOUT_MAX

--- Statistiques Gecode ---
Nœuds      : 1652678
Échecs     : 826272
Restarts   : 0
Propagat.  : 978696512
Profondeur : 60

--- Améliorations ---
    Sol#    Temps (ms)       Coût
       1          10.8      7471.0
       2          12.4      7439.0
       3          13.3      7311.0
       4          13.8      7221.0
       5          15.0      7066.0
       6          15.2      6976.0
       7          17.0      6970.0
       8          17.6      6869.0
       9          18.3      6859.0
      10          18.6      6758.0
      11          22.3      6720.0
      12          36.2      6640.0
      13          59.3      6623.0
      14          89.0      6576.0
      15         109.1      6549.0
      16         112.2      6530.0
      17         113.0      6334.0
      18         121.1      6252.0
      19         122.2      6173.0
      20         123.1      6141.0
      21         205.0      6125.0
      22         288.3      6035.0
      23         289.1      6019.0
      24         346.0      5977.0
      25         346.3      5887.0
      26         496.8      5838.0
      27         497.4      5806.0
      28         499.0      5790.0
      29         524.0      5782.0
      30         553.1      5729.0
      31         555.5      5713.0
      32         568.6      5642.0
      33         569.4      5552.0
      34         569.8      5520.0
      35         647.1      5504.0
      37        1584.0      5478.0
      38        1584.8      5446.0
      39        1628.7      5421.0
      40        1637.0      5228.0
      41        1693.4      5212.0
      42        4012.9      5179.0
      43        4013.6      5147.0
      44        4140.2      5131.0
      45        4456.9      5120.0
      46        4457.8      5088.0
      47        4458.7      4977.0
      48        4459.3      4887.0
      49        4460.0      4855.0
      50        4461.5      4839.0
      51        8128.9      4772.0
      52        8129.7      4740.0
      53       13771.4      4730.0
      54       14244.3      4645.0
      55       14303.1      4480.0
      56       14303.4      4390.0
      57       38799.6      4273.0
      58       64034.5      4268.0
      59       71225.1      4180.0
      60       71225.4      4090.0

--- Évolution du vecteur de coûts (toutes les solutions BAB) ---
    Sol#    Temps (ms)        Cost  Vecteur lex
       1          10.8      7471.0  7356, 6, 18, 21, 8, 0, 0, 12, 44, 0, 6
       2          12.4      7439.0  7324, 6, 18, 21, 8, 0, 0, 8, 48, 0, 6
       3          13.3      7311.0  7196, 4, 18, 21, 8, 0, 0, 6, 52, 0, 6
       4          13.8      7221.0  7108, 4, 18, 21, 8, 0, 0, 6, 50, 0, 6
       5          15.0      7066.0  6960, 6, 18, 21, 8, 0, 0, 8, 41, 0, 4
       6          15.2      6976.0  6872, 6, 18, 21, 8, 0, 0, 8, 39, 0, 4
       7          17.0      6970.0  6864, 4, 18, 21, 8, 0, 0, 10, 41, 0, 4
       8          17.6      6869.0  6764, 4, 18, 20, 8, 0, 0, 8, 43, 0, 4
       9          18.3      6859.0  6756, 4, 18, 22, 8, 0, 0, 8, 39, 0, 4
      10          18.6      6758.0  6656, 4, 18, 21, 8, 0, 0, 6, 41, 0, 4
      11          22.3      6720.0  6616, 4, 16, 20, 8, 1, 0, 8, 41, 0, 6
      12          36.2      6640.0  6536, 4, 14, 20, 8, 1, 0, 10, 41, 0, 6
      13          59.3      6623.0  6516, 2, 14, 19, 8, 1, 0, 10, 47, 0, 6
      14          89.0      6576.0  6472, 4, 14, 20, 8, 1, 0, 6, 43, 0, 8
      15         109.1      6549.0  6444, 2, 16, 20, 8, 0, 0, 6, 43, 0, 10
      16         112.2      6530.0  6424, 2, 14, 19, 8, 1, 0, 8, 46, 0, 8
      17         113.0      6334.0  6232, 2, 14, 19, 8, 1, 0, 6, 44, 0, 8
      18         121.1      6252.0  6152, 2, 14, 18, 8, 1, 0, 8, 43, 0, 6
      19         122.2      6173.0  6076, 2, 14, 19, 8, 1, 0, 10, 37, 0, 6
      20         123.1      6141.0  6044, 2, 14, 19, 8, 1, 0, 6, 41, 0, 6
      21         205.0      6125.0  6028, 2, 14, 18, 8, 2, 0, 6, 41, 0, 6
      22         288.3      6035.0  5940, 2, 12, 19, 8, 1, 0, 12, 37, 0, 4
      23         289.1      6019.0  5924, 2, 12, 19, 8, 1, 0, 10, 39, 0, 4
      24         346.0      5977.0  5884, 4, 12, 18, 8, 2, 0, 4, 41, 0, 4
      25         346.3      5887.0  5796, 4, 12, 18, 8, 2, 0, 4, 39, 0, 4
      26         496.8      5838.0  5744, 0, 12, 18, 8, 1, 0, 12, 39, 0, 4
      27         497.4      5806.0  5712, 0, 12, 18, 8, 1, 0, 8, 43, 0, 4
      28         499.0      5790.0  5696, 0, 12, 18, 8, 1, 0, 6, 45, 0, 4
      29         524.0      5782.0  5688, 0, 12, 19, 8, 1, 0, 8, 38, 0, 8
      30         553.1      5729.0  5636, 0, 12, 18, 8, 1, 0, 8, 40, 0, 6
      31         555.5      5713.0  5620, 0, 12, 18, 8, 1, 0, 6, 42, 0, 6
      32         568.6      5642.0  5552, 0, 12, 18, 8, 1, 0, 10, 37, 0, 4
      33         569.4      5552.0  5464, 0, 12, 18, 8, 1, 0, 10, 35, 0, 4
      34         569.8      5520.0  5432, 0, 12, 18, 8, 1, 0, 6, 39, 0, 4
      35         647.1      5504.0  5416, 0, 12, 17, 8, 2, 0, 6, 39, 0, 4
      36        1327.4      5504.0  5416, 0, 12, 16, 8, 3, 0, 8, 37, 0, 4
      37        1584.0      5478.0  5392, 0, 12, 16, 8, 3, 0, 14, 30, 0, 3
      38        1584.8      5446.0  5360, 0, 12, 16, 8, 3, 0, 10, 34, 0, 3
      39        1628.7      5421.0  5332, 0, 10, 17, 8, 2, 0, 6, 40, 0, 6
      40        1637.0      5228.0  5144, 0, 10, 17, 8, 2, 0, 6, 37, 0, 4
      41        1693.4      5212.0  5128, 0, 10, 16, 8, 3, 0, 6, 37, 0, 4
      42        4012.9      5179.0  5100, 0, 12, 18, 8, 1, 0, 10, 28, 0, 2
      43        4013.6      5147.0  5068, 0, 12, 18, 8, 1, 0, 6, 32, 0, 2
      44        4140.2      5131.0  5052, 0, 12, 17, 8, 2, 0, 6, 32, 0, 2
      45        4456.9      5120.0  5040, 0, 10, 17, 8, 3, 0, 8, 32, 0, 2
      46        4457.8      5088.0  5008, 0, 10, 17, 8, 3, 0, 4, 36, 0, 2
      47        4458.7      4977.0  4900, 0, 10, 17, 8, 2, 0, 10, 28, 0, 2
      48        4459.3      4887.0  4812, 0, 10, 17, 8, 2, 0, 10, 26, 0, 2
      49        4460.0      4855.0  4780, 0, 10, 17, 8, 2, 0, 6, 30, 0, 2
      50        4461.5      4839.0  4764, 0, 10, 17, 8, 2, 0, 4, 32, 0, 2
      51        8128.9      4772.0  4696, 0, 8, 16, 8, 3, 0, 8, 29, 0, 4
      52        8129.7      4740.0  4664, 0, 8, 16, 8, 3, 0, 4, 33, 0, 4
      53       13771.4      4730.0  4656, 0, 8, 17, 8, 2, 0, 10, 26, 0, 3
      54       14244.3      4645.0  4572, 0, 8, 17, 8, 3, 0, 4, 29, 0, 4
      55       14303.1      4480.0  4408, 0, 6, 17, 8, 2, 0, 4, 31, 0, 4
      56       14303.4      4390.0  4320, 0, 6, 17, 8, 2, 0, 4, 29, 0, 4
      57       38799.6      4273.0  4204, 0, 6, 16, 8, 2, 0, 4, 27, 0, 6
      58       64034.5      4268.0  4200, 0, 6, 16, 8, 1, 0, 8, 25, 0, 4
      59       71225.1      4180.0  4112, 0, 4, 16, 8, 2, 0, 6, 28, 0, 4
      60       71225.4      4090.0  4024, 0, 4, 16, 8, 2, 0, 6, 26, 0, 4

--- Solution (notes MIDI) ---
55 59 57 60 64 65 60 59 55 52 48 43 47 45 50 45 47 48 43 45 50 45 48 43 47 52 
