========================================
  RÉSULTATS : 3voices_1_1_2_vtype_3_3
========================================

--- Configuration ---
CF                : 8 (Do Reference Grave)
Gamme indicative  : Majeur
Preset            : bryce
Borrow mode       : 0
Mode d'objectif   : pond (score lex pondéré)
Nombre de voix    : 3
Espèces (incl CF) : 1 0 1
v_type            : 3 3
Timeout max (ms)  : 180000
Stagnation (ms)   : 0
Cantus firmus     : 48 50 53 52 55 53 52 50 48
                    Do3 Ré3 Fa3 Mi3 Sol3 Fa3 Mi3 Ré3 Do3

--- Métriques de recherche ---
Temps total (ms)            : 180000.0
Temps 1ère solution (ms)    : 19.1
Temps dernière amélio. (ms) : 145050.2
Solutions trouvées          : 93
Améliorations de coût       : 91
Score pondéré           : 4322.0
Terminaison                 : TIMEOUT_MAX

--- Statistiques Gecode ---
Nœuds      : 1513863
Échecs     : 756832
Restarts   : 0
Propagat.  : 1348914911
Profondeur : 73

--- Améliorations ---
    Sol#    Temps (ms)       Coût
       1          19.1     11221.0
       2          19.6      9349.0
       3          20.2      9302.0
       5          25.8      9288.0
       6          30.0      8870.0
       7          30.5      8713.0
       8          31.6      8607.0
       9          33.2      8554.0
      10          38.6      8496.0
      11          41.1      8422.0
      12          41.8      8361.0
      13          43.3      8337.0
      14          44.5      8252.0
      16          47.8      8223.0
      17          48.3      8209.0
      18          49.1      8162.0
      19          50.0      8141.0
      20          51.0      8132.0
      21          55.7      8027.0
      22          66.7      7716.0
      23          67.4      7702.0
      24          69.9      7673.0
      25          97.7      7369.0
      26         101.4      7242.0
      27         105.1      7201.0
      28         107.2      7147.0
      29         107.8      7102.0
      30         117.1      6925.0
      31         118.9      6916.0
      32         119.4      6887.0
      33         188.9      6738.0
      34         192.0      6656.0
      35         264.7      6534.0
      36         266.2      6497.0
      37         267.6      6488.0
      38         268.7      6427.0
      39         269.6      6359.0
      40         270.1      6314.0
      41         274.1      6247.0
      42         274.7      6231.0
      43         275.3      6217.0
      44         284.4      6209.0
      45         289.5      6088.0
      46         290.0      6035.0
      47         291.4      6019.0
      48         291.6      6005.0
      49         292.0      5976.0
      50         296.9      5944.0
      51         297.3      5915.0
      52         297.4      5807.0
      53         298.2      5783.0
      54         298.6      5769.0
      55         305.4      5687.0
      56         311.5      5686.0
      57         318.5      5655.0
      58         318.8      5641.0
      59         320.3      5604.0
      60         321.3      5559.0
      61         349.3      5540.0
      62         368.4      5485.0
      63         399.2      5324.0
      64         401.7      5294.0
      65         402.2      5279.0
      66         402.7      5265.0
      67         436.1      5241.0
      68         436.8      5212.0
      69         496.9      5187.0
      70         690.7      5143.0
      71         775.8      5129.0
      72         776.4      5053.0
      73         777.9      5032.0
      74         778.3      4994.0
      75         780.3      4912.0
      76        2294.0      4822.0
      77        2470.7      4809.0
      78        3095.0      4804.0
      79        3141.0      4795.0
      80        3329.8      4761.0
      81        3330.4      4716.0
      82        3612.8      4710.0
      83        9206.9      4679.0
      84        9232.3      4676.0
      85        9246.6      4655.0
      86        9269.9      4541.0
      87       16937.2      4536.0
      88       49203.4      4528.0
      89       49244.8      4475.0
      90       49246.8      4425.0
      91       49247.4      4364.0
      92       49249.8      4340.0
      93      145050.2      4322.0

--- Évolution du vecteur de coûts (toutes les solutions BAB) ---
    Sol#    Temps (ms)        Cost  Vecteur lex
       1          19.1     11221.0  11012, 0, 16, 7, 24, 6, 0, 8, 135, 0, 13
       2          19.6      9349.0  9180, 0, 14, 7, 24, 7, 0, 8, 96, 0, 13
       3          20.2      9302.0  9136, 0, 16, 7, 24, 6, 0, 6, 96, 0, 11
       4          20.5      9304.0  9136, 0, 14, 7, 24, 7, 0, 8, 95, 0, 13
       5          25.8      9288.0  9120, 0, 14, 7, 24, 7, 0, 6, 97, 0, 13
       6          30.0      8870.0  8712, 0, 18, 9, 16, 7, 0, 8, 87, 0, 13
       7          30.5      8713.0  8556, 0, 16, 8, 16, 8, 0, 8, 88, 0, 13
       8          31.6      8607.0  8452, 0, 16, 8, 16, 8, 0, 6, 88, 0, 13
       9          33.2      8554.0  8400, 0, 16, 7, 16, 8, 0, 8, 87, 0, 12
      10          38.6      8496.0  8344, 0, 16, 7, 16, 8, 0, 8, 87, 0, 10
      11          41.1      8422.0  8272, 0, 16, 7, 16, 8, 0, 10, 83, 0, 10
      12          41.8      8361.0  8212, 0, 16, 7, 16, 8, 0, 8, 84, 0, 10
      13          43.3      8337.0  8188, 0, 16, 8, 16, 6, 0, 8, 84, 0, 11
      14          44.5      8252.0  8104, 0, 16, 7, 16, 6, 0, 8, 84, 0, 11
      15          45.2      8254.0  8104, 0, 14, 7, 16, 7, 0, 10, 83, 0, 13
      16          47.8      8223.0  8076, 0, 16, 7, 16, 6, 0, 10, 81, 0, 11
      17          48.3      8209.0  8060, 0, 14, 7, 16, 7, 0, 10, 82, 0, 13
      18          49.1      8162.0  8016, 0, 16, 7, 16, 6, 0, 8, 82, 0, 11
      19          50.0      8141.0  7996, 0, 16, 8, 16, 6, 0, 6, 82, 0, 11
      20          51.0      8132.0  7984, 0, 14, 7, 16, 7, 0, 6, 85, 0, 13
      21          55.7      8027.0  7884, 0, 16, 6, 16, 7, 0, 6, 83, 0, 9
      22          66.7      7716.0  7576, 0, 14, 6, 16, 5, 0, 6, 82, 0, 11
      23          67.4      7702.0  7560, 0, 12, 6, 16, 6, 0, 6, 83, 0, 13
      24          69.9      7673.0  7532, 0, 12, 6, 16, 6, 0, 8, 80, 0, 13
      25          97.7      7369.0  7228, 0, 10, 6, 8, 6, 0, 10, 90, 0, 11
      26         101.4      7242.0  7104, 0, 10, 5, 8, 6, 0, 12, 88, 0, 9
      27         105.1      7201.0  7068, 0, 12, 6, 8, 6, 0, 10, 86, 0, 5
      28         107.2      7147.0  7012, 0, 10, 6, 8, 6, 0, 12, 84, 0, 9
      29         107.8      7102.0  6968, 0, 10, 6, 8, 6, 0, 12, 83, 0, 9
      30         117.1      6925.0  6796, 0, 12, 5, 8, 5, 0, 10, 82, 0, 7
      31         118.9      6916.0  6784, 0, 10, 4, 8, 6, 0, 10, 85, 0, 9
      32         119.4      6887.0  6756, 0, 10, 4, 8, 6, 0, 12, 82, 0, 9
      33         188.9      6738.0  6608, 0, 8, 5, 8, 6, 0, 10, 82, 0, 11
      34         192.0      6656.0  6528, 0, 8, 6, 8, 6, 0, 10, 77, 0, 13
      35         264.7      6534.0  6416, 4, 16, 6, 0, 7, 0, 4, 68, 0, 13
      36         266.2      6497.0  6380, 4, 16, 6, 0, 6, 0, 4, 70, 0, 11
      37         267.6      6488.0  6368, 4, 14, 6, 0, 6, 0, 6, 69, 0, 15
      38         268.7      6427.0  6308, 4, 14, 6, 0, 6, 0, 4, 70, 0, 15
      39         269.6      6359.0  6244, 4, 16, 6, 0, 6, 0, 2, 68, 0, 13
      40         270.1      6314.0  6200, 4, 16, 6, 0, 6, 0, 2, 67, 0, 13
      41         274.1      6247.0  6132, 2, 16, 7, 0, 5, 0, 4, 66, 0, 15
      42         274.7      6231.0  6116, 2, 16, 7, 0, 5, 0, 2, 68, 0, 15
      43         275.3      6217.0  6100, 2, 14, 7, 0, 6, 0, 2, 69, 0, 17
      44         284.4      6209.0  6092, 2, 14, 7, 0, 5, 0, 4, 68, 0, 17
      45         289.5      6088.0  5976, 2, 16, 6, 0, 5, 0, 2, 68, 0, 13
      46         290.0      6035.0  5924, 2, 16, 6, 0, 4, 0, 4, 66, 0, 13
      47         291.4      6019.0  5908, 2, 16, 6, 0, 4, 0, 2, 68, 0, 13
      48         291.6      6005.0  5892, 2, 14, 6, 0, 5, 0, 2, 69, 0, 15
      49         292.0      5976.0  5864, 2, 14, 6, 0, 5, 0, 4, 66, 0, 15
      50         296.9      5944.0  5832, 2, 12, 7, 0, 6, 0, 4, 66, 0, 15
      51         297.3      5915.0  5804, 2, 12, 7, 0, 6, 0, 2, 69, 0, 13
      52         297.4      5807.0  5700, 2, 14, 7, 0, 5, 0, 2, 64, 0, 13
      53         298.2      5783.0  5676, 2, 14, 6, 0, 5, 0, 4, 63, 0, 13
      54         298.6      5769.0  5660, 2, 12, 6, 0, 6, 0, 4, 64, 0, 15
      55         305.4      5687.0  5580, 0, 14, 5, 0, 6, 0, 4, 67, 0, 11
      56         311.5      5686.0  5576, 0, 12, 6, 0, 6, 0, 2, 69, 0, 15
      57         318.5      5655.0  5548, 0, 14, 5, 0, 4, 0, 6, 67, 0, 11
      58         318.8      5641.0  5532, 0, 12, 5, 0, 5, 0, 6, 68, 0, 13
      59         320.3      5604.0  5496, 0, 12, 6, 0, 5, 0, 6, 64, 0, 15
      60         321.3      5559.0  5452, 0, 12, 6, 0, 5, 0, 6, 63, 0, 15
      61         349.3      5540.0  5432, 0, 12, 5, 0, 4, 0, 6, 66, 0, 15
      62         368.4      5485.0  5380, 0, 12, 7, 0, 4, 0, 6, 61, 0, 15
      63         399.2      5324.0  5224, 0, 14, 5, 0, 4, 0, 4, 62, 0, 11
      64         401.7      5294.0  5192, 0, 12, 5, 0, 5, 0, 2, 65, 0, 13
      65         402.2      5279.0  5180, 0, 14, 5, 0, 4, 0, 4, 61, 0, 11
      66         402.7      5265.0  5164, 0, 12, 5, 0, 5, 0, 4, 62, 0, 13
      67         436.1      5241.0  5140, 0, 12, 5, 0, 4, 0, 4, 63, 0, 13
      68         436.8      5212.0  5112, 0, 12, 5, 0, 4, 0, 6, 60, 0, 13
      69         496.9      5187.0  5084, 0, 10, 5, 0, 4, 0, 6, 61, 0, 17
      70         690.7      5143.0  5044, 0, 10, 5, 0, 5, 0, 8, 60, 0, 11
      71         775.8      5129.0  5028, 0, 8, 6, 0, 5, 0, 6, 63, 0, 13
      72         776.4      5053.0  4956, 0, 10, 6, 0, 4, 0, 6, 60, 0, 11
      73         777.9      5032.0  4936, 0, 10, 7, 0, 4, 0, 4, 60, 0, 11
      74         778.3      4994.0  4896, 0, 8, 6, 0, 5, 0, 6, 60, 0, 13
      75         780.3      4912.0  4816, 0, 8, 7, 0, 5, 0, 6, 55, 0, 15
      76        2294.0      4822.0  4728, 0, 8, 7, 0, 5, 0, 6, 53, 0, 15
      77        2470.7      4809.0  4716, 0, 12, 4, 0, 4, 0, 4, 54, 0, 15
      78        3095.0      4804.0  4712, 0, 12, 3, 0, 4, 0, 6, 56, 0, 11
      79        3141.0      4795.0  4700, 0, 8, 4, 0, 5, 0, 8, 57, 0, 13
      80        3329.8      4761.0  4668, 0, 8, 5, 0, 5, 0, 10, 52, 0, 13
      81        3330.4      4716.0  4624, 0, 8, 5, 0, 5, 0, 10, 51, 0, 13
      82        3612.8      4710.0  4616, 0, 8, 5, 0, 5, 0, 6, 53, 0, 17
      83        9206.9      4679.0  4588, 0, 10, 4, 0, 5, 0, 8, 49, 0, 15
      84        9232.3      4676.0  4584, 0, 8, 5, 0, 6, 0, 6, 52, 0, 15
      85        9246.6      4655.0  4564, 0, 8, 5, 0, 7, 0, 6, 50, 0, 15
      86        9269.9      4541.0  4452, 0, 8, 5, 0, 6, 0, 6, 49, 0, 15
      87       16937.2      4536.0  4448, 0, 8, 4, 0, 6, 0, 8, 51, 0, 11
      88       49203.4      4528.0  4440, 0, 8, 5, 0, 6, 0, 6, 50, 0, 13
      89       49244.8      4475.0  4388, 0, 8, 4, 0, 6, 0, 6, 52, 0, 11
      90       49246.8      4425.0  4340, 0, 8, 5, 0, 6, 0, 6, 49, 0, 11
      91       49247.4      4364.0  4280, 0, 8, 5, 0, 6, 0, 4, 50, 0, 11
      92       49249.8      4340.0  4256, 0, 8, 4, 0, 6, 0, 6, 49, 0, 11
      93      145050.2      4322.0  4240, 0, 10, 4, 0, 5, 0, 6, 46, 0, 11

--- Solution (notes MIDI) ---
60 62 74 71 71 69 67 65 64 55 57 59 60 62 65 67 65 64 59 60 62 64 67 69 71 67 
