========================================
  RÉSULTATS : 3voices_1_1_2_vtype_3_2
========================================

--- Configuration ---
CF                : 8 (Do Reference Grave)
Gamme indicative  : Majeur
Preset            : bryce
Borrow mode       : 0
Mode d'objectif   : pond (score lex pondéré)
Nombre de voix    : 3
Espèces (incl CF) : 1 0 1
v_type            : 3 2
Timeout max (ms)  : 180000
Stagnation (ms)   : 0
Cantus firmus     : 48 50 53 52 55 53 52 50 48
                    Do3 Ré3 Fa3 Mi3 Sol3 Fa3 Mi3 Ré3 Do3

--- Métriques de recherche ---
Temps total (ms)            : 180000.1
Temps 1ère solution (ms)    : 12.9
Temps dernière amélio. (ms) : 114529.7
Solutions trouvées          : 95
Améliorations de coût       : 95
Score pondéré           : 4231.0
Terminaison                 : TIMEOUT_MAX

--- Statistiques Gecode ---
Nœuds      : 1837127
Échecs     : 918461
Restarts   : 0
Propagat.  : 1134006543
Profondeur : 57

--- Améliorations ---
    Sol#    Temps (ms)       Coût
       1          12.9     16654.0
       2          13.0     16357.0
       3          14.8     14724.0
       4          15.4     14589.0
       5          16.7     13290.0
       6          17.1     13014.0
       7          18.5     12887.0
       8          18.7     12783.0
       9          21.2     12738.0
      10          23.8     12722.0
      11          25.2     12702.0
      12          25.4     12627.0
      13          26.0     12617.0
      14          26.5     12513.0
      15          27.8      9782.0
      16          28.8      9700.0
      17          29.7      9639.0
      18          31.3      9602.0
      19          31.5      9588.0
      20          33.5      9467.0
      21          33.8      9363.0
      22          36.9      9318.0
      23          38.0      9273.0
      24          40.3      9154.0
      25          40.9      9109.0
      26          44.0      7884.0
      27          44.2      7841.0
      28          44.7      7584.0
      29          47.4      7555.0
      30          49.3      7375.0
      31          50.7      7330.0
      32          67.5      7288.0
      33          72.6      7169.0
      34          73.5      7124.0
      35          78.7      7097.0
      36          90.0      7039.0
      37          90.8      6994.0
      38          95.7      6970.0
      39          96.4      6925.0
      40         347.3      6896.0
      41         417.5      6843.0
      42         423.3      6806.0
      43         425.0      6642.0
      44         702.5      6631.0
      45        1890.6      6609.0
      46        2515.9      6509.0
      47        2520.6      6440.0
      48        4604.7      6429.0
      49       53487.3      6254.0
      50       53516.3      6182.0
      51       53516.6      6145.0
      52       53526.9      6025.0
      53       53527.2      5964.0
      54       53530.6      5943.0
      55       53533.3      5879.0
      56       53537.1      5850.0
      57       53547.9      5784.0
      58       53558.9      5678.0
      59       54105.6      5659.0
      60       54132.7      5622.0
      61       54135.5      5553.0
      62       54336.0      5542.0
      63       54437.3      5510.0
      64       54448.8      5465.0
      65       54467.7      5359.0
      66       54825.1      5325.0
      67       54835.5      5288.0
      68       54839.4      5219.0
      69       56024.1      5210.0
      70       56929.0      5170.0
      71       60621.1      5107.0
      72       60640.4      5104.0
      73       60655.1      5067.0
      74       60659.0      5051.0
      75       60661.6      5048.0
      76       60662.8      4998.0
      77       60761.7      4931.0
      78       60765.3      4862.0
      79       61450.1      4801.0
      80       62253.7      4755.0
      81       62308.3      4713.0
      82       63126.7      4695.0
      83       63137.4      4650.0
      84       63150.8      4613.0
      85       63153.4      4544.0
      86       65943.3      4533.0
      87       65952.3      4496.0
      88       65958.9      4488.0
      89       65959.9      4427.0
      90      112286.9      4422.0
      91      113352.9      4395.0
      92      113358.0      4326.0
      93      114523.6      4300.0
      94      114529.2      4292.0
      95      114529.7      4231.0

--- Évolution du vecteur de coûts (toutes les solutions BAB) ---
    Sol#    Temps (ms)        Cost  Vecteur lex
       1          12.9     16654.0  16320, 4, 12, 15, 8, 4, 0, 4, 277, 0, 10
       2          13.0     16357.0  16028, 4, 10, 15, 8, 5, 0, 4, 273, 0, 10
       3          14.8     14724.0  14432, 4, 10, 15, 8, 5, 0, 4, 238, 0, 8
       4          15.4     14589.0  14300, 4, 10, 15, 8, 5, 0, 4, 235, 0, 8
       5          16.7     13290.0  13032, 4, 12, 16, 8, 4, 0, 6, 198, 0, 10
       6          17.1     13014.0  12760, 4, 10, 15, 8, 5, 0, 4, 200, 0, 8
       7          18.5     12887.0  12636, 4, 10, 15, 8, 4, 0, 8, 194, 0, 8
       8          18.7     12783.0  12532, 4, 8, 15, 8, 5, 0, 8, 193, 0, 10
       9          21.2     12738.0  12488, 4, 8, 15, 8, 5, 0, 8, 192, 0, 10
      10          23.8     12722.0  12472, 4, 8, 15, 8, 5, 0, 6, 194, 0, 10
      11          25.2     12702.0  12456, 4, 10, 16, 8, 4, 0, 8, 188, 0, 8
      12          25.4     12627.0  12380, 4, 8, 16, 8, 5, 0, 6, 190, 0, 10
      13          26.0     12617.0  12372, 4, 10, 15, 8, 4, 0, 8, 188, 0, 8
      14          26.5     12513.0  12268, 4, 8, 15, 8, 5, 0, 8, 187, 0, 10
      15          27.8      9782.0  9600, 4, 10, 16, 8, 5, 0, 4, 125, 0, 10
      16          28.8      9700.0  9520, 4, 10, 15, 8, 5, 0, 6, 124, 0, 8
      17          29.7      9639.0  9460, 4, 10, 15, 8, 5, 0, 4, 125, 0, 8
      18          31.3      9602.0  9424, 4, 10, 15, 8, 4, 0, 8, 121, 0, 8
      19          31.5      9588.0  9408, 4, 8, 15, 8, 5, 0, 8, 122, 0, 10
      20          33.5      9467.0  9292, 4, 10, 15, 8, 4, 0, 8, 118, 0, 8
      21          33.8      9363.0  9188, 4, 8, 15, 8, 5, 0, 8, 117, 0, 10
      22          36.9      9318.0  9144, 4, 8, 15, 8, 5, 0, 8, 116, 0, 10
      23          38.0      9273.0  9100, 4, 8, 15, 8, 5, 0, 8, 115, 0, 10
      24          40.3      9154.0  8984, 4, 8, 15, 8, 5, 0, 10, 110, 0, 10
      25          40.9      9109.0  8940, 4, 8, 15, 8, 5, 0, 10, 109, 0, 10
      26          44.0      7884.0  7744, 4, 10, 14, 8, 4, 0, 12, 80, 0, 8
      27          44.2      7841.0  7700, 4, 8, 14, 8, 5, 0, 10, 84, 0, 8
      28          44.7      7584.0  7448, 4, 8, 14, 8, 5, 0, 10, 77, 0, 10
      29          47.4      7555.0  7420, 4, 8, 14, 8, 5, 0, 12, 74, 0, 10
      30          49.3      7375.0  7244, 4, 8, 14, 8, 5, 0, 12, 70, 0, 10
      31          50.7      7330.0  7200, 4, 8, 14, 8, 5, 0, 12, 69, 0, 10
      32          67.5      7288.0  7160, 4, 8, 15, 8, 4, 0, 12, 69, 0, 8
      33          72.6      7169.0  7044, 4, 8, 15, 8, 4, 0, 14, 64, 0, 8
      34          73.5      7124.0  7000, 4, 8, 15, 8, 4, 0, 14, 63, 0, 8
      35          78.7      7097.0  6972, 4, 8, 14, 8, 4, 0, 14, 63, 0, 10
      36          90.0      7039.0  6916, 4, 8, 14, 8, 4, 0, 14, 63, 0, 8
      37          90.8      6994.0  6872, 4, 8, 14, 8, 4, 0, 14, 62, 0, 8
      38          95.7      6970.0  6848, 4, 8, 14, 8, 5, 0, 12, 61, 0, 10
      39          96.4      6925.0  6804, 4, 8, 14, 8, 5, 0, 12, 60, 0, 10
      40         347.3      6896.0  6776, 4, 8, 14, 8, 5, 0, 10, 63, 0, 8
      41         417.5      6843.0  6724, 4, 8, 14, 8, 4, 0, 8, 67, 0, 6
      42         423.3      6806.0  6688, 4, 8, 14, 8, 5, 0, 6, 67, 0, 6
      43         425.0      6642.0  6528, 4, 8, 14, 8, 5, 0, 8, 61, 0, 6
      44         702.5      6631.0  6516, 2, 10, 14, 8, 4, 0, 10, 59, 0, 8
      45        1890.6      6609.0  6492, 2, 8, 13, 8, 5, 0, 10, 63, 0, 8
      46        2515.9      6509.0  6396, 4, 6, 13, 8, 5, 0, 10, 63, 0, 4
      47        2520.6      6440.0  6328, 4, 6, 13, 8, 6, 0, 8, 61, 0, 6
      48        4604.7      6429.0  6316, 2, 8, 13, 8, 5, 0, 10, 59, 0, 8
      49       53487.3      6254.0  6160, 8, 12, 17, 8, 4, 0, 12, 25, 0, 8
      50       53516.3      6182.0  6088, 8, 12, 16, 8, 4, 0, 12, 24, 0, 10
      51       53516.6      6145.0  6052, 8, 12, 16, 8, 5, 0, 10, 24, 0, 10
      52       53526.9      6025.0  5932, 8, 10, 16, 8, 4, 0, 10, 27, 0, 10
      53       53527.2      5964.0  5872, 8, 10, 16, 8, 4, 0, 8, 28, 0, 10
      54       53530.6      5943.0  5852, 8, 10, 16, 8, 5, 0, 8, 26, 0, 10
      55       53533.3      5879.0  5788, 8, 10, 15, 8, 4, 0, 8, 28, 0, 10
      56       53537.1      5850.0  5760, 8, 10, 15, 8, 4, 0, 10, 25, 0, 10
      57       53547.9      5784.0  5696, 8, 10, 16, 8, 4, 0, 8, 24, 0, 10
      58       53558.9      5678.0  5592, 8, 10, 15, 8, 5, 0, 8, 22, 0, 10
      59       54105.6      5659.0  5572, 8, 8, 15, 8, 5, 0, 8, 27, 0, 8
      60       54132.7      5622.0  5536, 8, 8, 14, 8, 5, 0, 10, 27, 0, 6
      61       54135.5      5553.0  5468, 8, 8, 14, 8, 6, 0, 8, 25, 0, 8
      62       54336.0      5542.0  5456, 6, 10, 14, 8, 5, 0, 10, 23, 0, 10
      63       54437.3      5510.0  5424, 6, 10, 14, 8, 5, 0, 10, 21, 0, 12
      64       54448.8      5465.0  5380, 6, 10, 15, 8, 4, 0, 8, 22, 0, 12
      65       54467.7      5359.0  5276, 6, 10, 14, 8, 5, 0, 8, 20, 0, 12
      66       54825.1      5325.0  5244, 8, 6, 14, 8, 6, 0, 10, 23, 0, 6
      67       54835.5      5288.0  5208, 8, 6, 13, 8, 6, 0, 12, 23, 0, 4
      68       54839.4      5219.0  5140, 8, 6, 13, 8, 7, 0, 10, 21, 0, 6
      69       56024.1      5210.0  5128, 4, 10, 13, 8, 5, 0, 10, 22, 0, 10
      70       56929.0      5170.0  5088, 4, 8, 13, 8, 6, 0, 10, 25, 0, 8
      71       60621.1      5107.0  5028, 4, 8, 14, 8, 4, 0, 12, 25, 0, 4
      72       60640.4      5104.0  5024, 4, 8, 14, 8, 4, 0, 10, 26, 0, 6
      73       60655.1      5067.0  4988, 4, 8, 13, 8, 4, 0, 12, 26, 0, 4
      74       60659.0      5051.0  4972, 4, 8, 13, 8, 6, 0, 8, 26, 0, 6
      75       60661.6      5048.0  4968, 4, 8, 13, 8, 6, 0, 6, 27, 0, 8
      76       60662.8      4998.0  4920, 4, 8, 13, 8, 5, 0, 10, 24, 0, 6
      77       60761.7      4931.0  4852, 4, 6, 13, 8, 5, 0, 8, 29, 0, 6
      78       60765.3      4862.0  4784, 4, 6, 13, 8, 6, 0, 6, 27, 0, 8
      79       61450.1      4801.0  4724, 4, 4, 12, 8, 7, 0, 14, 22, 0, 6
      80       62253.7      4755.0  4676, 2, 6, 12, 8, 6, 0, 10, 25, 0, 10
      81       62308.3      4713.0  4636, 2, 6, 12, 8, 6, 0, 12, 23, 0, 8
      82       63126.7      4695.0  4620, 4, 4, 12, 8, 7, 0, 12, 22, 0, 6
      83       63137.4      4650.0  4576, 4, 4, 13, 8, 6, 0, 10, 23, 0, 6
      84       63150.8      4613.0  4540, 4, 4, 12, 8, 6, 0, 12, 23, 0, 4
      85       63153.4      4544.0  4472, 4, 4, 12, 8, 7, 0, 10, 21, 0, 6
      86       65943.3      4533.0  4460, 2, 6, 13, 8, 5, 0, 10, 21, 0, 8
      87       65952.3      4496.0  4424, 2, 6, 12, 8, 5, 0, 12, 21, 0, 6
      88       65958.9      4488.0  4416, 2, 6, 12, 8, 6, 0, 12, 18, 0, 8
      89       65959.9      4427.0  4356, 2, 6, 12, 8, 6, 0, 10, 19, 0, 8
      90      112286.9      4422.0  4352, 0, 10, 13, 8, 4, 0, 10, 15, 0, 10
      91      113352.9      4395.0  4324, 0, 8, 12, 8, 4, 0, 14, 17, 0, 8
      92      113358.0      4326.0  4256, 0, 8, 12, 8, 5, 0, 12, 15, 0, 10
      93      114523.6      4300.0  4232, 2, 6, 12, 8, 5, 0, 10, 19, 0, 6
      94      114529.2      4292.0  4224, 2, 6, 12, 8, 6, 0, 10, 16, 0, 8
      95      114529.7      4231.0  4164, 2, 6, 12, 8, 6, 0, 8, 17, 0, 8

--- Solution (notes MIDI) ---
60 62 65 67 64 69 67 65 64 57 55 53 52 50 53 48 52 48 52 50 53 48 52 57 53 55 
