========================================
  RÉSULTATS : 3voices_1_1_2_vtype_3_1
========================================

--- Configuration ---
CF                : 8 (Do Reference Grave)
Gamme indicative  : Majeur
Preset            : bryce
Borrow mode       : 0
Mode d'objectif   : pond (score lex pondéré)
Nombre de voix    : 3
Espèces (incl CF) : 1 0 1
v_type            : 3 1
Timeout max (ms)  : 180000
Stagnation (ms)   : 0
Cantus firmus     : 48 50 53 52 55 53 52 50 48
                    Do3 Ré3 Fa3 Mi3 Sol3 Fa3 Mi3 Ré3 Do3

--- Métriques de recherche ---
Temps total (ms)            : 180000.0
Temps 1ère solution (ms)    : 11.5
Temps dernière amélio. (ms) : 117134.3
Solutions trouvées          : 75
Améliorations de coût       : 72
Score pondéré           : 4090.0
Terminaison                 : TIMEOUT_MAX

--- Statistiques Gecode ---
Nœuds      : 1818294
Échecs     : 909066
Restarts   : 0
Propagat.  : 968317808
Profondeur : 54

--- Améliorations ---
    Sol#    Temps (ms)       Coût
       1          11.5     12212.0
       2          15.4     12195.0
       3          15.9     12105.0
       4          18.0     12068.0
       5          19.2     11994.0
       6          96.6      9045.0
       7          97.9      9014.0
       8          98.8      8886.0
       9          99.4      8796.0
      10         100.7      8638.0
      11         101.2      8548.0
      12         104.3      8423.0
      13         104.8      8333.0
      14         147.2      8313.0
      16         151.3      8280.0
      17         151.9      8206.0
      18         156.5      8065.0
      19         157.1      7991.0
      20         199.7      7088.0
      21         200.1      6998.0
      22         201.7      6967.0
      23         202.4      6950.0
      24         203.0      6860.0
      25         204.0      6781.0
      26         204.4      6749.0
      28         208.5      6640.0
      29         216.6      6623.0
      30         260.9      6443.0
      31         261.5      6411.0
      32         332.8      6390.0
      33         338.8      6281.0
      34         351.3      6157.0
      35         351.8      6125.0
      36         727.2      5939.0
      37         792.1      5796.0
      38        1231.7      5695.0
      39        1298.0      5674.0
      41        1599.5      5660.0
      42        1627.3      5626.0
      43        1628.0      5536.0
      44        1628.7      5504.0
      45        2005.2      5327.0
      46        2007.2      5311.0
      47        3250.4      5244.0
      48        3251.1      5212.0
      49        5263.1      5154.0
      50        5263.9      5122.0
      51        5302.3      5064.0
      52        5302.8      5032.0
      53        5699.7      5022.0
      54        5700.5      4990.0
      55        5805.2      4974.0
      56        5962.2      4968.0
      57        5962.5      4878.0
      58        5963.3      4788.0
      59        5964.2      4756.0
      60        6043.0      4740.0
      61       31053.0      4716.0
      62       31084.3      4639.0
      63       31273.0      4613.0
      64       31273.4      4523.0
      65       51603.9      4507.0
      66       56073.4      4480.0
      67       56073.9      4390.0
      68       76664.7      4377.0
      69       84393.1      4334.0
      70       84558.1      4273.0
      71       96970.0      4268.0
      72      100881.5      4210.0
      73      100890.6      4194.0
      74      117133.4      4164.0
      75      117134.3      4090.0

--- Évolution du vecteur de coûts (toutes les solutions BAB) ---
    Sol#    Temps (ms)        Cost  Vecteur lex
       1          11.5     12212.0  11984, 4, 16, 19, 8, 1, 0, 10, 160, 0, 10
       2          15.4     12195.0  11964, 2, 16, 18, 8, 1, 0, 10, 166, 0, 10
       3          15.9     12105.0  11876, 2, 16, 18, 8, 1, 0, 10, 164, 0, 10
       4          18.0     12068.0  11840, 2, 16, 19, 8, 1, 0, 6, 166, 0, 10
       5          19.2     11994.0  11768, 2, 16, 19, 8, 1, 0, 8, 162, 0, 10
       6          96.6      9045.0  8884, 2, 14, 19, 8, 2, 0, 10, 98, 0, 8
       7          97.9      9014.0  8856, 4, 14, 19, 8, 1, 0, 12, 92, 0, 8
       8          98.8      8886.0  8728, 2, 14, 19, 8, 1, 0, 10, 96, 0, 8
       9          99.4      8796.0  8640, 2, 14, 19, 8, 1, 0, 10, 94, 0, 8
      10         100.7      8638.0  8488, 2, 16, 20, 8, 0, 0, 10, 86, 0, 8
      11         101.2      8548.0  8400, 2, 16, 20, 8, 0, 0, 10, 84, 0, 8
      12         104.3      8423.0  8276, 2, 14, 19, 8, 1, 0, 10, 87, 0, 6
      13         104.8      8333.0  8188, 2, 14, 19, 8, 1, 0, 10, 85, 0, 6
      14         147.2      8313.0  8172, 2, 18, 19, 8, 1, 0, 10, 75, 0, 8
      15         150.7      8317.0  8172, 2, 16, 18, 8, 0, 0, 12, 79, 0, 10
      16         151.3      8280.0  8136, 2, 16, 19, 8, 0, 0, 8, 81, 0, 10
      17         151.9      8206.0  8064, 2, 16, 19, 8, 0, 0, 10, 77, 0, 10
      18         156.5      8065.0  7924, 2, 14, 18, 8, 1, 0, 8, 82, 0, 8
      19         157.1      7991.0  7852, 2, 14, 18, 8, 1, 0, 10, 78, 0, 8
      20         199.7      7088.0  6976, 4, 16, 21, 8, 1, 0, 8, 46, 0, 8
      21         200.1      6998.0  6888, 4, 16, 21, 8, 1, 0, 8, 44, 0, 8
      22         201.7      6967.0  6860, 6, 16, 21, 8, 0, 0, 10, 38, 0, 8
      23         202.4      6950.0  6840, 4, 16, 20, 8, 0, 0, 10, 44, 0, 8
      24         203.0      6860.0  6752, 4, 16, 20, 8, 0, 0, 10, 42, 0, 8
      25         204.0      6781.0  6676, 4, 16, 21, 8, 0, 0, 12, 36, 0, 8
      26         204.4      6749.0  6644, 4, 16, 21, 8, 0, 0, 8, 40, 0, 8
      27         207.4      6751.0  6644, 4, 14, 19, 8, 1, 0, 12, 43, 0, 6
      28         208.5      6640.0  6536, 4, 14, 20, 8, 1, 0, 10, 41, 0, 6
      29         216.6      6623.0  6516, 2, 14, 19, 8, 1, 0, 10, 47, 0, 6
      30         260.9      6443.0  6340, 2, 14, 19, 8, 1, 0, 10, 43, 0, 6
      31         261.5      6411.0  6308, 2, 14, 19, 8, 1, 0, 6, 47, 0, 6
      32         332.8      6390.0  6288, 2, 16, 20, 8, 1, 0, 4, 39, 0, 12
      33         338.8      6281.0  6180, 2, 14, 19, 8, 2, 0, 6, 40, 0, 10
      34         351.3      6157.0  6060, 2, 14, 18, 8, 2, 0, 10, 37, 0, 6
      35         351.8      6125.0  6028, 2, 14, 18, 8, 2, 0, 6, 41, 0, 6
      36         727.2      5939.0  5844, 0, 14, 19, 8, 1, 0, 6, 41, 0, 6
      37         792.1      5796.0  5704, 0, 14, 17, 8, 2, 0, 8, 39, 0, 4
      38        1231.7      5695.0  5604, 0, 14, 18, 8, 2, 0, 4, 37, 0, 8
      39        1298.0      5674.0  5584, 0, 14, 17, 8, 2, 0, 8, 35, 0, 6
      40        1596.9      5676.0  5584, 0, 12, 18, 8, 2, 0, 8, 36, 0, 8
      41        1599.5      5660.0  5568, 0, 12, 18, 8, 2, 0, 6, 38, 0, 8
      42        1627.3      5626.0  5536, 0, 12, 17, 8, 2, 0, 10, 37, 0, 4
      43        1628.0      5536.0  5448, 0, 12, 17, 8, 2, 0, 10, 35, 0, 4
      44        1628.7      5504.0  5416, 0, 12, 17, 8, 2, 0, 6, 39, 0, 4
      45        2005.2      5327.0  5244, 0, 12, 17, 8, 2, 0, 8, 34, 0, 2
      46        2007.2      5311.0  5228, 0, 12, 17, 8, 2, 0, 6, 36, 0, 2
      47        3250.4      5244.0  5160, 0, 10, 16, 8, 3, 0, 10, 33, 0, 4
      48        3251.1      5212.0  5128, 0, 10, 16, 8, 3, 0, 6, 37, 0, 4
      49        5263.1      5154.0  5072, 0, 10, 15, 8, 4, 0, 12, 29, 0, 4
      50        5263.9      5122.0  5040, 0, 10, 15, 8, 4, 0, 8, 33, 0, 4
      51        5302.3      5064.0  4984, 0, 10, 16, 8, 3, 0, 10, 29, 0, 4
      52        5302.8      5032.0  4952, 0, 10, 16, 8, 3, 0, 6, 33, 0, 4
      53        5699.7      5022.0  4944, 0, 10, 17, 8, 2, 0, 12, 26, 0, 3
      54        5700.5      4990.0  4912, 0, 10, 17, 8, 2, 0, 8, 30, 0, 3
      55        5805.2      4974.0  4896, 0, 10, 16, 8, 3, 0, 8, 30, 0, 3
      56        5962.2      4968.0  4888, 0, 8, 17, 8, 2, 0, 8, 33, 0, 4
      57        5962.5      4878.0  4800, 0, 8, 17, 8, 2, 0, 8, 31, 0, 4
      58        5963.3      4788.0  4712, 0, 8, 17, 8, 2, 0, 8, 29, 0, 4
      59        5964.2      4756.0  4680, 0, 8, 17, 8, 2, 0, 4, 33, 0, 4
      60        6043.0      4740.0  4664, 0, 8, 16, 8, 3, 0, 4, 33, 0, 4
      61       31053.0      4716.0  4640, 0, 8, 16, 8, 2, 0, 4, 34, 0, 4
      62       31084.3      4639.0  4564, 0, 8, 16, 8, 2, 0, 4, 31, 0, 6
      63       31273.0      4613.0  4540, 0, 8, 16, 8, 2, 0, 4, 33, 0, 2
      64       31273.4      4523.0  4452, 0, 8, 16, 8, 2, 0, 4, 31, 0, 2
      65       51603.9      4507.0  4436, 0, 8, 16, 8, 2, 0, 2, 33, 0, 2
      66       56073.4      4480.0  4408, 0, 6, 17, 8, 2, 0, 4, 31, 0, 4
      67       56073.9      4390.0  4320, 0, 6, 17, 8, 2, 0, 4, 29, 0, 4
      68       76664.7      4377.0  4308, 0, 8, 16, 8, 1, 0, 4, 28, 0, 4
      69       84393.1      4334.0  4264, 0, 6, 16, 8, 2, 0, 6, 26, 0, 6
      70       84558.1      4273.0  4204, 0, 6, 16, 8, 2, 0, 4, 27, 0, 6
      71       96970.0      4268.0  4200, 0, 6, 16, 8, 1, 0, 8, 25, 0, 4
      72      100881.5      4210.0  4144, 0, 6, 16, 8, 1, 0, 8, 25, 0, 2
      73      100890.6      4194.0  4128, 0, 6, 16, 8, 1, 0, 6, 27, 0, 2
      74      117133.4      4164.0  4096, 0, 4, 16, 8, 2, 0, 8, 24, 0, 6
      75      117134.3      4090.0  4024, 0, 4, 16, 8, 2, 0, 6, 26, 0, 4

--- Solution (notes MIDI) ---
67 71 69 72 76 77 72 71 67 52 48 43 47 45 50 45 47 48 43 45 50 45 48 43 47 52 
