========================================
  RÉSULTATS : 4voices_1_1_1_1_vtype_1_3_3
========================================

--- Configuration ---
CF                : direct_cf_Majeur
Gamme indicative  : Majeur
Preset            : bryce
Borrow mode       : 0
Mode d'objectif   : pond (score lex pondéré)
Nombre de voix    : 4
Espèces (incl CF) : 1 0 0 0
v_type            : 1 3 3
Timeout max (ms)  : 480000
Stagnation (ms)   : 0
Cantus firmus     : 48 50 53 52 55 53 52 50 48
                    Do3 Ré3 Fa3 Mi3 Sol3 Fa3 Mi3 Ré3 Do3

--- Métriques de recherche ---
Temps total (ms)            : 480000.0
Temps 1ère solution (ms)    : 27.9
Temps dernière amélio. (ms) : 458074.6
Solutions trouvées          : 90
Améliorations de coût       : 89
Score pondéré           : 13545.0
Terminaison                 : TIMEOUT_MAX

--- Statistiques Gecode ---
Nœuds      : 3834967
Échecs     : 1917383
Restarts   : 0
Propagat.  : 2901741678
Profondeur : 73

--- Améliorations ---
    Sol#    Temps (ms)       Coût
       1          27.9     24493.0
       2          28.6     22701.0
       3          33.2     22673.0
       4          35.4     22603.0
       5          36.3     22498.0
       6          36.9     22477.0
       7          37.3     22420.0
       8          38.3     22381.0
       9          38.9     22315.0
      10          45.4     21380.0
      11          45.7     21110.0
      12          47.4     20752.0
      13          53.1     20572.0
      14          53.6     20341.0
      15          55.0     20338.0
      16          56.2     20281.0
      17          65.3     20273.0
      18          66.5     20237.0
      19          67.5     20209.0
      20          74.5     20034.0
      21          75.8     19908.0
      22          77.8     19887.0
      23          78.2     19851.0
      25         150.4     19759.0
      26         153.0     19566.0
      27         154.8     19386.0
      28         161.5     19368.0
      29         165.4     19355.0
      30         166.7     19316.0
      31         167.1     19136.0
      32         180.7     19100.0
      33         194.8     19064.0
      34         196.0     18980.0
      35         232.7     17817.0
      36         234.4     17520.0
      37         236.0     17484.0
      38         243.8     17231.0
      39         245.9     17207.0
      40         247.8     17162.0
      41         249.2     17138.0
      42         252.3     17078.0
      43         252.9     17054.0
      44         303.5     17048.0
      45         306.1     16964.0
      46         533.5     16774.0
      47         536.0     16687.0
      48         536.9     16651.0
      49         554.7     16579.0
      50         599.6     16495.0
      51        1143.5     16411.0
      52        1273.6     16306.0
      53        1274.5     16270.0
      54        1318.7     16237.0
      55        1606.2     16051.0
      56        1608.4     15881.0
      57        1608.9     15563.0
      58        1634.0     15470.0
      59        1691.1     15278.0
      60        2689.8     15153.0
      61        2772.6     15114.0
      62        2775.2     15054.0
      63        2842.1     15008.0
      64        2844.4     14984.0
      65        2867.4     14855.0
      66        2870.0     14801.0
      67        3238.0     14729.0
      68        6198.5     14682.0
      69        6217.7     14652.0
      70        6269.3     14592.0
      71        6370.5     14580.0
      72        6371.9     14406.0
      73        6463.9     14378.0
      74        6506.5     14306.0
      75        6614.9     14264.0
      76        6717.8     14180.0
      77        6718.1     14096.0
      78        8015.2     13991.0
      79       16498.4     13905.0
      80       82128.8     13854.0
      81       82164.5     13779.0
      82      381374.6     13764.0
      83      381384.8     13743.0
      84      381690.4     13689.0
      85      381702.0     13668.0
      86      383698.2     13650.0
      87      384296.4     13629.0
      88      434470.9     13623.0
      89      434556.1     13584.0
      90      458074.6     13545.0

--- Évolution du vecteur de coûts (toutes les solutions BAB) ---
    Sol#    Temps (ms)        Cost  Vecteur lex
       1          27.9     24493.0  24152, 20, 144, 14, 3, 0, 24, 124, 0, 12
       2          28.6     22701.0  22379, 18, 128, 13, 3, 0, 24, 123, 0, 13
       3          33.2     22673.0  22349, 16, 128, 13, 3, 0, 24, 126, 0, 14
       4          35.4     22603.0  22282, 14, 130, 14, 3, 0, 24, 125, 0, 11
       5          36.3     22498.0  22179, 14, 130, 14, 2, 0, 24, 125, 0, 10
       6          36.9     22477.0  22156, 14, 128, 13, 3, 0, 26, 125, 0, 12
       7          37.3     22420.0  22100, 14, 128, 13, 4, 0, 24, 124, 0, 13
       8          38.3     22381.0  22062, 14, 128, 14, 3, 0, 22, 126, 0, 12
       9          38.9     22315.0  21997, 14, 128, 13, 3, 0, 24, 124, 0, 12
      10          45.4     21380.0  21063, 10, 114, 12, 4, 0, 24, 139, 0, 14
      11          45.7     21110.0  20796, 10, 112, 12, 4, 0, 24, 136, 0, 16
      12          47.4     20752.0  20444, 8, 112, 12, 4, 0, 24, 134, 0, 14
      13          53.1     20572.0  20267, 8, 112, 13, 2, 0, 26, 128, 0, 16
      14          53.6     20341.0  20041, 8, 112, 13, 3, 0, 24, 124, 0, 16
      15          55.0     20338.0  20039, 8, 112, 13, 2, 0, 26, 125, 0, 13
      16          56.2     20281.0  19983, 8, 112, 13, 3, 0, 24, 124, 0, 14
      17          65.3     20273.0  19977, 10, 112, 11, 3, 0, 24, 125, 0, 11
      18          66.5     20237.0  19941, 10, 112, 11, 3, 0, 24, 123, 0, 13
      19          67.5     20209.0  19911, 8, 112, 11, 3, 0, 24, 126, 0, 14
      20          74.5     20034.0  19741, 6, 114, 12, 2, 0, 24, 125, 0, 10
      21          75.8     19908.0  19615, 6, 112, 11, 2, 0, 26, 125, 0, 11
      22          77.8     19887.0  19595, 6, 112, 11, 3, 0, 24, 126, 0, 10
      23          78.2     19851.0  19559, 6, 112, 11, 3, 0, 24, 124, 0, 12
      24         113.2     19853.0  19558, 4, 112, 12, 3, 0, 24, 124, 0, 16
      25         150.4     19759.0  19480, 14, 114, 13, 5, 0, 20, 97, 0, 16
      26         153.0     19566.0  19289, 12, 114, 14, 4, 0, 20, 97, 0, 16
      27         154.8     19386.0  19112, 12, 114, 13, 4, 0, 20, 95, 0, 16
      28         161.5     19368.0  19097, 12, 116, 13, 4, 0, 20, 92, 0, 14
      29         165.4     19355.0  19083, 10, 116, 12, 5, 0, 26, 89, 0, 14
      30         166.7     19316.0  19045, 10, 116, 13, 4, 0, 24, 91, 0, 13
      31         167.1     19136.0  18868, 10, 116, 12, 4, 0, 24, 89, 0, 13
      32         180.7     19100.0  18829, 10, 114, 12, 4, 0, 20, 95, 0, 16
      33         194.8     19064.0  18799, 10, 116, 13, 4, 0, 22, 90, 0, 10
      34         196.0     18980.0  18713, 10, 114, 12, 4, 0, 20, 95, 0, 12
      35         232.7     17817.0  17558, 6, 100, 12, 5, 0, 24, 100, 0, 12
      36         234.4     17520.0  17264, 6, 98, 11, 6, 0, 22, 99, 0, 14
      37         236.0     17484.0  17228, 6, 98, 11, 6, 0, 22, 97, 0, 16
      38         243.8     17231.0  16982, 4, 100, 12, 5, 0, 24, 92, 0, 12
      39         245.9     17207.0  16957, 4, 100, 11, 5, 0, 24, 92, 0, 14
      40         247.8     17162.0  16915, 4, 100, 13, 4, 0, 22, 94, 0, 10
      41         249.2     17138.0  16890, 4, 100, 12, 4, 0, 22, 94, 0, 12
      42         252.3     17078.0  16829, 4, 98, 12, 4, 0, 20, 99, 0, 12
      43         252.9     17054.0  16804, 4, 98, 11, 4, 0, 20, 99, 0, 14
      44         303.5     17048.0  16803, 4, 100, 12, 4, 0, 24, 91, 0, 10
      45         306.1     16964.0  16717, 4, 98, 11, 4, 0, 22, 96, 0, 12
      46         533.5     16774.0  16531, 2, 100, 11, 4, 0, 24, 90, 0, 12
      47         536.0     16687.0  16446, 2, 100, 11, 3, 0, 24, 91, 0, 10
      48         536.9     16651.0  16410, 2, 100, 11, 3, 0, 24, 89, 0, 12
      49         554.7     16579.0  16341, 2, 100, 12, 3, 0, 24, 87, 0, 10
      50         599.6     16495.0  16255, 2, 98, 11, 3, 0, 22, 92, 0, 12
      51        1143.5     16411.0  16172, 2, 98, 11, 3, 0, 24, 86, 0, 15
      52        1273.6     16306.0  16072, 2, 98, 11, 4, 0, 24, 86, 0, 9
      53        1274.5     16270.0  16036, 2, 98, 11, 4, 0, 24, 84, 0, 11
      54        1318.7     16237.0  16002, 2, 98, 11, 3, 0, 22, 86, 0, 13
      55        1606.2     16051.0  15816, 8, 84, 13, 5, 0, 24, 87, 0, 14
      56        1608.4     15881.0  15644, 4, 84, 12, 5, 0, 26, 90, 0, 16
      57        1608.9     15563.0  15333, 4, 84, 12, 5, 0, 24, 87, 0, 14
      58        1634.0     15470.0  15241, 4, 84, 12, 4, 0, 22, 89, 0, 14
      59        1691.1     15278.0  15053, 4, 84, 11, 4, 0, 22, 88, 0, 12
      60        2689.8     15153.0  14927, 6, 76, 12, 5, 0, 22, 94, 0, 11
      61        2772.6     15114.0  14889, 6, 76, 11, 6, 0, 24, 91, 0, 11
      62        2775.2     15054.0  14831, 6, 76, 11, 6, 0, 24, 91, 0, 9
      63        2842.1     15008.0  14783, 4, 76, 11, 6, 0, 26, 90, 0, 12
      64        2844.4     14984.0  14758, 4, 76, 11, 6, 0, 22, 93, 0, 14
      65        2867.4     14855.0  14633, 4, 76, 11, 5, 0, 26, 89, 0, 11
      66        2870.0     14801.0  14579, 4, 76, 11, 5, 0, 24, 89, 0, 13
      67        3238.0     14729.0  14510, 4, 76, 11, 5, 0, 24, 90, 0, 9
      68        6198.5     14682.0  14457, 6, 68, 12, 4, 0, 22, 100, 0, 13
      69        6217.7     14652.0  14428, 6, 68, 12, 4, 0, 24, 97, 0, 13
      70        6269.3     14592.0  14370, 6, 68, 12, 4, 0, 20, 103, 0, 9
      71        6370.5     14580.0  14359, 6, 70, 12, 4, 0, 22, 94, 0, 13
      72        6371.9     14406.0  14189, 6, 70, 12, 4, 0, 20, 94, 0, 11
      73        6463.9     14378.0  14159, 4, 70, 12, 4, 0, 26, 88, 0, 15
      74        6506.5     14306.0  14090, 4, 70, 12, 4, 0, 26, 89, 0, 11
      75        6614.9     14264.0  14047, 4, 68, 12, 4, 0, 22, 98, 0, 9
      76        6717.8     14180.0  13964, 4, 68, 12, 4, 0, 22, 95, 0, 11
      77        6718.1     14096.0  13881, 4, 68, 12, 4, 0, 22, 92, 0, 13
      78        8015.2     13991.0  13781, 4, 70, 12, 3, 0, 22, 90, 0, 9
      79       16498.4     13905.0  13692, 0, 72, 12, 3, 0, 20, 92, 0, 14
      80       82128.8     13854.0  13640, 0, 70, 11, 4, 0, 20, 95, 0, 14
      81       82164.5     13779.0  13566, 0, 70, 11, 3, 0, 20, 95, 0, 14
      82      381374.6     13764.0  13565, 0, 84, 11, 4, 0, 26, 57, 0, 17
      83      381384.8     13743.0  13545, 0, 84, 11, 5, 0, 26, 55, 0, 17
      84      381690.4     13689.0  13491, 0, 84, 11, 5, 0, 24, 55, 0, 19
      85      381702.0     13668.0  13471, 0, 84, 11, 6, 0, 24, 53, 0, 19
      86      383698.2     13650.0  13453, 0, 84, 11, 4, 0, 24, 57, 0, 17
      87      384296.4     13629.0  13433, 0, 84, 11, 5, 0, 24, 55, 0, 17
      88      434470.9     13623.0  13429, 0, 86, 10, 5, 0, 26, 51, 0, 16
      89      434556.1     13584.0  13391, 0, 86, 10, 4, 0, 28, 50, 0, 15
      90      458074.6     13545.0  13353, 0, 86, 10, 5, 0, 26, 50, 0, 15

--- Solution (notes MIDI) ---
48 43 45 43 43 45 43 43 55 55 59 60 59 62 60 59 64 64 64 67 65 62 59 60 64 62 60 
