========================================
  RÉSULTATS : 4voices_1_1_1_4_vtype_1_2_3
========================================

--- Configuration ---
CF                : direct_cf_Majeur
Gamme indicative  : Majeur
Preset            : bryce
Borrow mode       : 0
Mode d'objectif   : pond (score lex pondéré)
Nombre de voix    : 4
Espèces (incl CF) : 1 0 0 3
v_type            : 1 2 3
Timeout max (ms)  : 480000
Stagnation (ms)   : 0
Cantus firmus     : 48 50 53 52 55 53 52 50 48
                    Do3 Ré3 Fa3 Mi3 Sol3 Fa3 Mi3 Ré3 Do3

--- Métriques de recherche ---
Temps total (ms)            : 480000.0
Temps 1ère solution (ms)    : 33.1
Temps dernière amélio. (ms) : 195040.7
Solutions trouvées          : 55
Améliorations de coût       : 53
Score pondéré           : 16661.0
Terminaison                 : TIMEOUT_MAX

--- Statistiques Gecode ---
Nœuds      : 3964871
Échecs     : 1982362
Restarts   : 0
Propagat.  : 2970713078
Profondeur : 120

--- Améliorations ---
    Sol#    Temps (ms)       Coût
       1          33.1     44617.0
       2          33.6     44074.0
       3          34.1     44002.0
       4          34.6     43907.0
       5          34.7     43762.0
       6          35.1     43023.0
       7          35.6     42587.0
       8          43.6     42501.0
       9          44.1     42429.0
      10          44.5     42334.0
      11          44.9     42189.0
      12       17049.3     42184.0
      13       17049.9     41988.0
      14       17050.5     41748.0
      15       17162.0     41588.0
      16       41939.2     29703.0
      17       41939.6     28040.0
      18       41940.1     26503.0
      19       41941.2     23863.0
      20       41941.8     23623.0
      21       41942.5     23368.0
      22       41942.8     23303.0
      23       41945.0     20103.0
      24       41978.6     19553.0
      25       42167.5     18546.0
      26       42169.2     18531.0
      27       42495.4     18444.0
      28       42496.5     18429.0
      29       42498.0     18415.0
      30       42498.9     18400.0
      32       42513.4     18386.0
      33       43462.3     18313.0
      34       43463.3     18241.0
      35       43463.7     18226.0
      36       43979.5     18191.0
      37       43980.1     17951.0
      38       43980.6     17936.0
      39       44646.4     17876.0
      40       46677.4     17711.0
      41       46678.2     17696.0
      42       46689.1     17486.0
      43       46689.7     17471.0
      45       47991.5     17410.0
      46       47992.1     17395.0
      47       48654.4     17200.0
      48       54908.4     17161.0
      49       54910.5     17146.0
      50       55326.1     17001.0
      51       55327.7     16986.0
      52       72130.9     16906.0
      53      184217.4     16756.0
      54      184218.7     16741.0
      55      195040.7     16661.0

--- Évolution du vecteur de coûts (toutes les solutions BAB) ---
    Sol#    Temps (ms)        Cost  Vecteur lex
       1          33.1     44617.0  43734, 0, 12, 120, 12, 4, 3, 18, 0, 704, 0, 10
       2          33.6     44074.0  43197, 0, 10, 114, 14, 5, 2, 18, 0, 704, 0, 10
       3          34.1     44002.0  43126, 0, 10, 114, 14, 4, 2, 18, 0, 704, 0, 10
       4          34.6     43907.0  43032, 0, 10, 114, 12, 4, 3, 18, 0, 704, 0, 10
       5          34.7     43762.0  42889, 0, 10, 114, 11, 4, 2, 18, 0, 704, 0, 10
       6          35.1     43023.0  42158, 0, 10, 102, 14, 4, 3, 18, 0, 704, 0, 10
       7          35.6     42587.0  41727, 0, 10, 98, 12, 5, 3, 18, 0, 704, 0, 10
       8          43.6     42501.0  41642, 0, 8, 98, 14, 6, 1, 18, 0, 704, 0, 10
       9          44.1     42429.0  41571, 0, 8, 98, 14, 5, 1, 18, 0, 704, 0, 10
      10          44.5     42334.0  41477, 0, 8, 98, 12, 5, 2, 18, 0, 704, 0, 10
      11          44.9     42189.0  41334, 0, 8, 98, 11, 5, 1, 18, 0, 704, 0, 10
      12       17049.3     42184.0  41330, 0, 8, 94, 17, 3, 2, 18, 0, 704, 0, 8
      13       17049.9     41988.0  41136, 0, 8, 90, 18, 4, 2, 18, 0, 704, 0, 8
      14       17050.5     41748.0  40899, 0, 8, 90, 15, 4, 2, 18, 0, 704, 0, 8
      15       17162.0     41588.0  40741, 0, 8, 90, 13, 4, 2, 18, 0, 704, 0, 8
      16       41939.2     29703.0  29273, 0, 8, 128, 132, 3, 2, 18, 0, 131, 0, 8
      17       41939.6     28040.0  27632, 0, 8, 144, 93, 3, 3, 18, 0, 131, 0, 8
      18       41940.1     26503.0  26113, 0, 8, 128, 92, 3, 2, 18, 0, 131, 0, 8
      19       41941.2     23863.0  23506, 0, 8, 128, 59, 3, 2, 18, 0, 131, 0, 8
      20       41941.8     23623.0  23269, 0, 8, 128, 56, 3, 2, 18, 0, 131, 0, 8
      21       41942.5     23368.0  23017, 0, 8, 128, 52, 3, 3, 18, 0, 131, 0, 8
      22       41942.8     23303.0  22953, 0, 8, 128, 52, 3, 2, 18, 0, 131, 0, 8
      23       41945.0     20103.0  19793, 0, 8, 128, 12, 3, 2, 18, 0, 131, 0, 8
      24       41978.6     19553.0  19248, 0, 8, 112, 20, 4, 4, 18, 0, 131, 0, 8
      25       42167.5     18546.0  18252, 0, 8, 96, 24, 4, 5, 18, 0, 131, 0, 8
      26       42169.2     18531.0  18237, 0, 8, 96, 23, 4, 6, 18, 0, 131, 0, 8
      27       42495.4     18444.0  18152, 0, 10, 96, 22, 4, 3, 18, 0, 131, 0, 8
      28       42496.5     18429.0  18137, 0, 10, 96, 21, 4, 4, 18, 0, 131, 0, 8
      29       42498.0     18415.0  18124, 0, 8, 104, 17, 3, 2, 18, 0, 131, 0, 8
      30       42498.9     18400.0  18109, 0, 8, 104, 16, 3, 3, 18, 0, 131, 0, 8
      31       42511.9     18401.0  18109, 0, 8, 96, 23, 4, 4, 18, 0, 131, 0, 8
      32       42513.4     18386.0  18094, 0, 8, 96, 22, 4, 5, 18, 0, 131, 0, 8
      33       43462.3     18313.0  18022, 0, 8, 96, 21, 5, 4, 18, 0, 131, 0, 8
      34       43463.3     18241.0  17951, 0, 8, 96, 21, 4, 4, 18, 0, 131, 0, 8
      35       43463.7     18226.0  17936, 0, 8, 96, 20, 4, 5, 18, 0, 131, 0, 8
      36       43979.5     18191.0  17902, 0, 8, 96, 22, 4, 2, 18, 0, 131, 0, 8
      37       43980.1     17951.0  17665, 0, 8, 96, 19, 4, 2, 18, 0, 131, 0, 8
      38       43980.6     17936.0  17650, 0, 8, 96, 18, 4, 3, 18, 0, 131, 0, 8
      39       44646.4     17876.0  17590, 0, 8, 96, 14, 4, 7, 18, 0, 131, 0, 8
      40       46677.4     17711.0  17428, 0, 8, 96, 16, 4, 2, 18, 0, 131, 0, 8
      41       46678.2     17696.0  17413, 0, 8, 96, 15, 4, 3, 18, 0, 131, 0, 8
      42       46689.1     17486.0  17206, 0, 8, 96, 14, 4, 1, 18, 0, 131, 0, 8
      43       46689.7     17471.0  17191, 0, 8, 96, 13, 4, 2, 18, 0, 131, 0, 8
      44       47888.9     17475.0  17191, 0, 8, 88, 15, 4, 7, 18, 0, 136, 0, 8
      45       47991.5     17410.0  17127, 0, 8, 88, 15, 4, 6, 18, 0, 136, 0, 8
      46       47992.1     17395.0  17112, 0, 8, 88, 14, 4, 7, 18, 0, 136, 0, 8
      47       48654.4     17200.0  16920, 0, 8, 88, 14, 4, 4, 18, 0, 136, 0, 8
      48       54908.4     17161.0  16885, 0, 8, 88, 18, 3, 2, 20, 0, 131, 0, 6
      49       54910.5     17146.0  16870, 0, 8, 88, 17, 3, 3, 20, 0, 131, 0, 6
      50       55326.1     17001.0  16727, 0, 8, 88, 16, 3, 2, 20, 0, 131, 0, 6
      51       55327.7     16986.0  16712, 0, 8, 88, 15, 3, 3, 20, 0, 131, 0, 6
      52       72130.9     16906.0  16635, 0, 8, 90, 13, 4, 2, 20, 0, 130, 0, 4
      53      184217.4     16756.0  16487, 0, 8, 88, 16, 3, 2, 18, 0, 128, 0, 6
      54      184218.7     16741.0  16472, 0, 8, 88, 15, 3, 3, 18, 0, 128, 0, 6
      55      195040.7     16661.0  16395, 0, 8, 90, 13, 4, 2, 18, 0, 127, 0, 4

--- Solution (notes MIDI) ---
55 43 45 43 43 45 43 43 55 72 71 72 67 55 57 62 67 64 76 76 74 74 72 72 71 71 74 74 72 72 71 71 71 72 
