========================================
  RÉSULTATS : 4voices_1_1_1_5_vtype_1_2_2
========================================

--- Configuration ---
CF                : direct_cf_Majeur
Gamme indicative  : Majeur
Preset            : bryce
Borrow mode       : 0
Mode d'objectif   : pond (score lex pondéré)
Nombre de voix    : 4
Espèces (incl CF) : 1 0 0 4
v_type            : 1 2 2
Timeout max (ms)  : 480000
Stagnation (ms)   : 0
Cantus firmus     : 48 50 53 52 55 53 52 50 48
                    Do3 Ré3 Fa3 Mi3 Sol3 Fa3 Mi3 Ré3 Do3

--- Métriques de recherche ---
Temps total (ms)            : 480000.1
Temps 1ère solution (ms)    : 76.1
Temps dernière amélio. (ms) : 19941.3
Solutions trouvées          : 54
Améliorations de coût       : 54
Score pondéré           : 50755.0
Terminaison                 : TIMEOUT_MAX

--- Statistiques Gecode ---
Nœuds      : 5689550
Échecs     : 2844674
Restarts   : 0
Propagat.  : 2146923602
Profondeur : 150

--- Améliorations ---
    Sol#    Temps (ms)       Coût
       1          76.1     85886.0
       2          77.4     85830.0
       3          78.1     85558.0
       4          78.8     85490.0
       5          80.5     85434.0
       6         453.8     85366.0
       7         543.8     85319.0
       8         544.6     84983.0
       9         545.5     84867.0
      10         567.0     84471.0
      11         568.3     84403.0
      12         703.1     58189.0
      13         705.2     58121.0
      14         705.5     58065.0
      15         706.2     58017.0
      16         707.5     58005.0
      17         708.8     57949.0
      18         709.7     57823.0
      19         710.2     57687.0
      20         711.1     57619.0
      21         711.8     57551.0
      22         712.8     57483.0
      23         713.3     55281.0
      24         713.9     54570.0
      25         714.5     54502.0
      26         715.2     54434.0
      27         715.8     54386.0
      28         717.6     54318.0
      29         719.4     54306.0
      30         720.2     54238.0
      31         721.3     54170.0
      32         721.7     54114.0
      33         723.2     51855.0
      34         724.1     51787.0
      35         724.5     51651.0
      36         725.0     51603.0
      37         725.6     51555.0
      38         726.7     51487.0
      39         766.0     51383.0
      40         766.6     51335.0
      41         775.5     51247.0
      42         776.5     51179.0
      43         776.9     51131.0
      44        1129.6     51119.0
      45        1141.2     51111.0
      46        1141.7     51063.0
      47        1300.3     51051.0
      48        1319.4     50995.0
      49        1353.3     50975.0
      50        1354.0     50927.0
      51        3824.9     50879.0
      52        4104.2     50811.0
      53       19940.4     50803.0
      54       19941.3     50755.0

--- Évolution du vecteur de coûts (toutes les solutions BAB) ---
    Sol#    Temps (ms)        Cost  Vecteur lex
       1          76.1     85886.0  84254, 0, 8, 106, 6, 11, 83, 10, 642, 24, 0, 704, 16, 22
       2          77.4     85830.0  84200, 0, 8, 106, 6, 11, 83, 10, 642, 24, 0, 704, 16, 20
       3          78.1     85558.0  83930, 0, 8, 106, 6, 11, 83, 10, 634, 24, 0, 704, 20, 22
       4          78.8     85490.0  83864, 0, 8, 106, 6, 11, 83, 10, 634, 24, 0, 704, 18, 22
       5          80.5     85434.0  83810, 0, 8, 106, 6, 11, 83, 10, 634, 24, 0, 704, 18, 20
       6         453.8     85366.0  83744, 0, 8, 106, 6, 11, 83, 10, 634, 24, 0, 704, 16, 20
       7         543.8     85319.0  83699, 0, 8, 110, 5, 11, 83, 10, 628, 24, 0, 704, 16, 21
       8         544.6     84983.0  83368, 0, 8, 106, 5, 11, 83, 10, 630, 24, 0, 704, 14, 20
       9         545.5     84867.0  83254, 0, 8, 106, 5, 11, 83, 10, 628, 24, 0, 704, 14, 20
      10         567.0     84471.0  82864, 0, 8, 106, 5, 11, 83, 10, 620, 24, 0, 704, 16, 20
      11         568.3     84403.0  82798, 0, 8, 106, 5, 11, 83, 10, 620, 24, 0, 704, 14, 20
      12         703.1     58189.0  57044, 0, 8, 112, 6, 11, 123, 15, 96, 24, 0, 704, 24, 22
      13         705.2     58121.0  56978, 0, 8, 112, 6, 11, 123, 15, 96, 24, 0, 704, 22, 22
      14         705.5     58065.0  56924, 0, 8, 112, 6, 11, 123, 15, 96, 24, 0, 704, 22, 20
      15         706.2     58017.0  56876, 0, 8, 112, 6, 11, 123, 15, 94, 24, 0, 704, 24, 20
      16         707.5     58005.0  56864, 0, 8, 112, 6, 11, 123, 15, 94, 24, 0, 704, 22, 22
      17         708.8     57949.0  56810, 0, 8, 112, 6, 11, 123, 15, 94, 24, 0, 704, 22, 20
      18         709.7     57823.0  56678, 0, 8, 106, 6, 11, 123, 15, 94, 24, 0, 704, 34, 20
      19         710.2     57687.0  56546, 0, 8, 106, 6, 11, 123, 15, 94, 24, 0, 704, 30, 20
      20         711.1     57619.0  56480, 0, 8, 106, 6, 11, 123, 15, 94, 24, 0, 704, 28, 20
      21         711.8     57551.0  56414, 0, 8, 106, 6, 11, 123, 15, 94, 24, 0, 704, 26, 20
      22         712.8     57483.0  56348, 0, 8, 106, 6, 11, 123, 15, 94, 24, 0, 704, 24, 20
      23         713.3     55281.0  54174, 0, 8, 106, 7, 11, 83, 10, 108, 24, 0, 704, 26, 20
      24         713.9     54570.0  53474, 0, 8, 106, 6, 11, 83, 10, 96, 24, 0, 704, 28, 20
      25         714.5     54502.0  53408, 0, 8, 106, 6, 11, 83, 10, 96, 24, 0, 704, 26, 20
      26         715.2     54434.0  53342, 0, 8, 106, 6, 11, 83, 10, 96, 24, 0, 704, 24, 20
      27         715.8     54386.0  53294, 0, 8, 106, 6, 11, 83, 10, 94, 24, 0, 704, 26, 20
      28         717.6     54318.0  53228, 0, 8, 106, 6, 11, 83, 10, 94, 24, 0, 704, 24, 20
      29         719.4     54306.0  53216, 0, 8, 106, 6, 11, 83, 10, 94, 24, 0, 704, 22, 22
      30         720.2     54238.0  53150, 0, 8, 106, 6, 11, 83, 10, 94, 24, 0, 704, 20, 22
      31         721.3     54170.0  53084, 0, 8, 106, 6, 11, 83, 10, 94, 24, 0, 704, 18, 22
      32         721.7     54114.0  53030, 0, 8, 106, 6, 11, 83, 10, 94, 24, 0, 704, 18, 20
      33         723.2     51855.0  50810, 0, 8, 110, 5, 11, 83, 10, 48, 24, 0, 704, 22, 20
      34         724.1     51787.0  50744, 0, 8, 110, 5, 11, 83, 10, 48, 24, 0, 704, 20, 20
      35         724.5     51651.0  50612, 0, 8, 110, 5, 11, 83, 10, 48, 24, 0, 704, 16, 20
      36         725.0     51603.0  50564, 0, 8, 110, 5, 11, 83, 10, 46, 24, 0, 704, 18, 20
      37         725.6     51555.0  50516, 0, 8, 110, 5, 11, 83, 10, 44, 24, 0, 704, 20, 20
      38         726.7     51487.0  50450, 0, 8, 110, 5, 11, 83, 10, 44, 24, 0, 704, 18, 20
      39         766.0     51383.0  50344, 0, 8, 106, 5, 11, 83, 10, 46, 24, 0, 704, 22, 20
      40         766.6     51335.0  50296, 0, 8, 106, 5, 11, 83, 10, 44, 24, 0, 704, 24, 20
      41         775.5     51247.0  50212, 0, 8, 106, 5, 11, 83, 10, 46, 24, 0, 704, 18, 20
      42         776.5     51179.0  50146, 0, 8, 106, 5, 11, 83, 10, 46, 24, 0, 704, 16, 20
      43         776.9     51131.0  50098, 0, 8, 106, 5, 11, 83, 10, 44, 24, 0, 704, 18, 20
      44        1129.6     51119.0  50086, 0, 8, 106, 5, 11, 83, 10, 44, 24, 0, 704, 16, 22
      45        1141.2     51111.0  50080, 0, 8, 106, 5, 11, 83, 10, 46, 24, 0, 704, 14, 20
      46        1141.7     51063.0  50032, 0, 8, 106, 5, 11, 83, 10, 44, 24, 0, 704, 16, 20
      47        1300.3     51051.0  50020, 0, 8, 106, 5, 11, 83, 10, 44, 24, 0, 704, 14, 22
      48        1319.4     50995.0  49966, 0, 8, 106, 5, 11, 83, 10, 44, 24, 0, 704, 14, 20
      49        1353.3     50975.0  49948, 0, 8, 106, 5, 11, 83, 10, 46, 24, 0, 704, 10, 20
      50        1354.0     50927.0  49900, 0, 8, 106, 5, 11, 83, 10, 44, 24, 0, 704, 12, 20
      51        3824.9     50879.0  49852, 0, 8, 106, 5, 11, 83, 10, 42, 24, 0, 704, 14, 20
      52        4104.2     50811.0  49786, 0, 8, 106, 5, 11, 83, 10, 42, 24, 0, 704, 12, 20
      53       19940.4     50803.0  49780, 0, 8, 106, 5, 11, 83, 10, 44, 24, 0, 704, 10, 18
      54       19941.3     50755.0  49732, 0, 8, 106, 5, 11, 83, 10, 42, 24, 0, 704, 12, 18

--- Solution (notes MIDI) ---
55 43 45 43 43 45 43 43 55 69 71 65 67 55 57 62 55 52 55 64 60 57 60 59 62 55 62 59 60 72 60 57 59 67 59 57 55 57 55 62 53 64 67 65 60 62 72 65 71 69 60 
