========================================
  RÉSULTATS : 4voices_1_1_1_5_vtype_1_2_3
========================================

--- Configuration ---
CF                : direct_cf_Majeur
Gamme indicative  : Majeur
Preset            : bryce
Borrow mode       : 0
Mode d'objectif   : pond (score lex pondéré)
Nombre de voix    : 4
Espèces (incl CF) : 1 0 0 4
v_type            : 1 2 3
Timeout max (ms)  : 480000
Stagnation (ms)   : 0
Cantus firmus     : 48 50 53 52 55 53 52 50 48
                    Do3 Ré3 Fa3 Mi3 Sol3 Fa3 Mi3 Ré3 Do3

--- Métriques de recherche ---
Temps total (ms)            : 480000.1
Temps 1ère solution (ms)    : 41.9
Temps dernière amélio. (ms) : 433428.3
Solutions trouvées          : 46
Améliorations de coût       : 46
Score pondéré           : 52134.0
Terminaison                 : TIMEOUT_MAX

--- Statistiques Gecode ---
Nœuds      : 6268668
Échecs     : 3134250
Restarts   : 0
Propagat.  : 1616838100
Profondeur : 170

--- Améliorations ---
    Sol#    Temps (ms)       Coût
       1          41.9     89416.0
       2          42.8     89060.0
       3          44.1     88992.0
       4         103.7     88780.0
       5         108.2     88712.0
       6         121.1     88644.0
       7         322.7     88336.0
       8         324.4     88023.0
       9         325.1     87872.0
      10         329.4     87816.0
      11         374.6     87748.0
      12         486.9     87680.0
      13        2796.5     87159.0
      14        2797.3     87008.0
      15        2803.6     86952.0
      16        2811.0     86940.0
      17        2835.1     86884.0
      18        2875.6     86652.0
      19        2883.5     86596.0
      20        2903.7     86528.0
      21        2924.9     86516.0
      22        2929.3     86460.0
      23        2959.8     86392.0
      24        3244.2     86324.0
      25        4585.3     59080.0
      26        4615.2     58467.0
      27        4657.2     56215.0
      28        4665.9     56147.0
      29        4755.6     55867.0
      30        4783.9     55799.0
      31        4921.2     55771.0
      32        5049.4     55675.0
      33        7755.5     53377.0
      34        7756.1     53029.0
      35        7758.1     52961.0
      36        7760.1     52810.0
      37        7761.5     52613.0
      38        7762.0     52462.0
      39        7807.6     52394.0
      40       19706.0     52366.0
      41       33259.4     52326.0
      42       35570.1     52258.0
      43       57068.7     52230.0
      44       63011.4     52218.0
      45       63228.6     52162.0
      46      433428.3     52134.0

--- Évolution du vecteur de coûts (toutes les solutions BAB) ---
    Sol#    Temps (ms)        Cost  Vecteur lex
       1          41.9     89416.0  87729, 0, 8, 102, 5, 11, 123, 15, 654, 24, 0, 704, 20, 21
       2          42.8     89060.0  87377, 0, 8, 98, 5, 11, 123, 15, 654, 24, 0, 704, 20, 21
       3          44.1     88992.0  87311, 0, 8, 98, 5, 11, 123, 15, 654, 24, 0, 704, 18, 21
       4         103.7     88780.0  87101, 0, 8, 98, 5, 11, 123, 15, 648, 24, 0, 704, 22, 21
       5         108.2     88712.0  87035, 0, 8, 98, 5, 11, 123, 15, 648, 24, 0, 704, 20, 21
       6         121.1     88644.0  86969, 0, 8, 98, 5, 11, 123, 15, 648, 24, 0, 704, 18, 21
       7         322.7     88336.0  86673, 0, 8, 114, 5, 11, 123, 15, 616, 24, 0, 704, 20, 23
       8         324.4     88023.0  86365, 0, 8, 114, 6, 11, 123, 15, 608, 24, 0, 704, 22, 23
       9         325.1     87872.0  86217, 0, 8, 114, 5, 11, 123, 15, 608, 24, 0, 704, 20, 23
      10         329.4     87816.0  86163, 0, 8, 114, 5, 11, 123, 15, 608, 24, 0, 704, 20, 21
      11         374.6     87748.0  86097, 0, 8, 114, 5, 11, 123, 15, 608, 24, 0, 704, 18, 21
      12         486.9     87680.0  86031, 0, 8, 114, 5, 11, 123, 15, 608, 24, 0, 704, 16, 21
      13        2796.5     87159.0  85507, 0, 8, 102, 6, 11, 123, 15, 608, 24, 0, 704, 28, 23
      14        2797.3     87008.0  85359, 0, 8, 102, 5, 11, 123, 15, 608, 24, 0, 704, 26, 23
      15        2803.6     86952.0  85305, 0, 8, 102, 5, 11, 123, 15, 608, 24, 0, 704, 26, 21
      16        2811.0     86940.0  85293, 0, 8, 102, 5, 11, 123, 15, 608, 24, 0, 704, 24, 23
      17        2835.1     86884.0  85239, 0, 8, 102, 5, 11, 123, 15, 608, 24, 0, 704, 24, 21
      18        2875.6     86652.0  85007, 0, 8, 98, 5, 11, 123, 15, 608, 24, 0, 704, 26, 23
      19        2883.5     86596.0  84953, 0, 8, 98, 5, 11, 123, 15, 608, 24, 0, 704, 26, 21
      20        2903.7     86528.0  84887, 0, 8, 98, 5, 11, 123, 15, 608, 24, 0, 704, 24, 21
      21        2924.9     86516.0  84875, 0, 8, 98, 5, 11, 123, 15, 608, 24, 0, 704, 22, 23
      22        2929.3     86460.0  84821, 0, 8, 98, 5, 11, 123, 15, 608, 24, 0, 704, 22, 21
      23        2959.8     86392.0  84755, 0, 8, 98, 5, 11, 123, 15, 608, 24, 0, 704, 20, 21
      24        3244.2     86324.0  84689, 0, 8, 98, 5, 11, 123, 15, 608, 24, 0, 704, 18, 21
      25        4585.3     59080.0  57932, 0, 8, 98, 5, 11, 203, 25, 27, 24, 0, 704, 20, 23
      26        4615.2     58467.0  57320, 0, 8, 98, 5, 11, 163, 20, 71, 24, 0, 704, 20, 23
      27        4657.2     56215.0  55106, 0, 8, 98, 5, 11, 163, 20, 31, 24, 0, 704, 22, 23
      28        4665.9     56147.0  55040, 0, 8, 98, 5, 11, 163, 20, 31, 24, 0, 704, 20, 23
      29        4755.6     55867.0  54764, 0, 8, 98, 5, 11, 163, 20, 25, 24, 0, 704, 22, 23
      30        4783.9     55799.0  54698, 0, 8, 98, 5, 11, 163, 20, 25, 24, 0, 704, 20, 23
      31        4921.2     55771.0  54671, 0, 8, 98, 5, 11, 163, 20, 25, 24, 0, 704, 20, 22
      32        5049.4     55675.0  54578, 0, 8, 98, 5, 11, 163, 20, 25, 24, 0, 704, 18, 21
      33        7755.5     53377.0  52308, 0, 8, 98, 6, 11, 123, 15, 35, 24, 0, 704, 24, 21
      34        7756.1     53029.0  51966, 0, 8, 98, 6, 11, 123, 15, 29, 24, 0, 704, 24, 21
      35        7758.1     52961.0  51900, 0, 8, 98, 6, 11, 123, 15, 29, 24, 0, 704, 22, 21
      36        7760.1     52810.0  51752, 0, 8, 98, 5, 11, 123, 15, 29, 24, 0, 704, 20, 21
      37        7761.5     52613.0  51558, 0, 8, 98, 6, 11, 123, 15, 23, 24, 0, 704, 22, 21
      38        7762.0     52462.0  51410, 0, 8, 98, 5, 11, 123, 15, 23, 24, 0, 704, 20, 21
      39        7807.6     52394.0  51344, 0, 8, 98, 5, 11, 123, 15, 23, 24, 0, 704, 18, 21
      40       19706.0     52366.0  51317, 0, 8, 98, 5, 11, 123, 15, 23, 24, 0, 704, 18, 20
      41       33259.4     52326.0  51278, 0, 8, 98, 5, 11, 123, 15, 23, 24, 0, 704, 16, 21
      42       35570.1     52258.0  51212, 0, 8, 98, 5, 11, 123, 15, 23, 24, 0, 704, 14, 21
      43       57068.7     52230.0  51185, 0, 8, 98, 5, 11, 123, 15, 23, 24, 0, 704, 14, 20
      44       63011.4     52218.0  51173, 0, 8, 98, 5, 11, 123, 15, 23, 24, 0, 704, 12, 22
      45       63228.6     52162.0  51119, 0, 8, 98, 5, 11, 123, 15, 23, 24, 0, 704, 12, 20
      46      433428.3     52134.0  51092, 0, 8, 98, 5, 11, 123, 15, 23, 24, 0, 704, 12, 19

--- Solution (notes MIDI) ---
55 43 45 43 43 45 43 43 55 69 71 65 67 55 57 62 55 52 77 67 65 64 65 69 67 77 67 64 69 65 69 67 71 72 71 69 64 62 62 57 64 72 71 67 69 64 69 59 71 65 60 
