========================================
  RÉSULTATS : 4voices_1_1_1_1_vtype_2_3_2
========================================

--- Configuration ---
CF                : direct_cf_Majeur
Gamme indicative  : Majeur
Preset            : bryce
Borrow mode       : 0
Mode d'objectif   : pond (score lex pondéré)
Nombre de voix    : 4
Espèces (incl CF) : 1 0 0 0
v_type            : 2 3 2
Timeout max (ms)  : 480000
Stagnation (ms)   : 0
Cantus firmus     : 48 50 53 52 55 53 52 50 48
                    Do3 Ré3 Fa3 Mi3 Sol3 Fa3 Mi3 Ré3 Do3

--- Métriques de recherche ---
Temps total (ms)            : 480000.0
Temps 1ère solution (ms)    : 10.4
Temps dernière amélio. (ms) : 42329.8
Solutions trouvées          : 90
Améliorations de coût       : 89
Score pondéré           : 9227.0
Terminaison                 : TIMEOUT_MAX

--- Statistiques Gecode ---
Nœuds      : 3395497
Échecs     : 1697650
Restarts   : 0
Propagat.  : 3350165144
Profondeur : 72

--- Améliorations ---
    Sol#    Temps (ms)       Coût
       1          10.4     22620.0
       2          11.1     21039.0
       3          13.3     20944.0
       4          13.8     20782.0
       5          17.9     19674.0
       6          18.6     19669.0
       7          21.6     19603.0
       8          22.8     19585.0
       9         133.3     19566.0
      10         133.8     19561.0
      11         148.4     19349.0
      12         149.0     18949.0
      13         150.1     18880.0
      14         150.5     17617.0
      15         151.1     17599.0
      16         154.1     16882.0
      17         154.5     16720.0
      18         157.5     16636.0
      19         163.7     16207.0
      20         164.3     16201.0
      21         167.6     15931.0
      22         176.3     15817.0
      23         177.0     15745.0
      24         177.4     15739.0
      25         179.5     15469.0
      26         190.2     15403.0
      27         192.0     15289.0
      28         214.9     15265.0
      29         526.6     15225.0
      30         527.3     15123.0
      31         536.0     14881.0
      32         538.1     14803.0
      33         540.0     14791.0
      34         540.8     14701.0
      35         543.5     14431.0
      36         583.6     14405.0
      37         585.5     14303.0
      38         613.9     14248.0
      39         620.8     14176.0
      40         637.7     13572.0
      41         721.4     13422.0
      42         722.7     13058.0
      43         748.3     12992.0
      44         751.9     12740.0
      45         752.9     12722.0
      46         756.9     12260.0
      47         784.5     12132.0
      48         797.3     12005.0
      49         957.5     11980.0
      50         959.0     11938.0
      51         975.8     11851.0
      52        1012.3     11788.0
      53        1021.7     11776.0
      55        1156.4     11737.0
      56        1156.9     11575.0
      57        2065.0     11511.0
      58        2066.0     11433.0
      59        2067.6     11163.0
      60        2075.6     11145.0
      61        2088.3     10977.0
      62        2120.9     10929.0
      63        2198.8     10871.0
      64        2260.5     10859.0
      65        2560.4     10845.0
      66        3293.7     10808.0
      67        3303.2     10790.0
      68        3619.1     10746.0
      69        3633.3     10604.0
      70        3637.6     10586.0
      71        3647.4     10544.0
      72        5514.2     10520.0
      73       20080.3     10454.0
      74       20881.9     10358.0
      75       22395.7     10292.0
      76       22423.7     10268.0
      77       25284.8     10252.0
      78       25295.0     10218.0
      79       25298.0     10014.0
      80       25473.0      9969.0
      81       25481.2      9951.0
      82       25937.2      9773.0
      83       25945.7      9701.0
      84       27475.4      9623.0
      85       27490.8      9605.0
      86       27957.6      9551.0
      87       34123.4      9419.0
      88       34148.8      9335.0
      89       38668.4      9263.0
      90       42329.8      9227.0

--- Évolution du vecteur de coûts (toutes les solutions BAB) ---
    Sol#    Temps (ms)        Cost  Vecteur lex
       1          10.4     22620.0  22282, 12, 116, 15, 2, 0, 12, 172, 0, 9
       2          11.1     21039.0  20733, 12, 116, 14, 3, 0, 12, 138, 0, 11
       3          13.3     20944.0  20642, 14, 116, 14, 2, 0, 14, 131, 0, 11
       4          13.8     20782.0  20483, 14, 116, 13, 2, 0, 12, 133, 0, 9
       5          17.9     19674.0  19382, 12, 100, 13, 4, 0, 12, 142, 0, 9
       6          18.6     19669.0  19378, 14, 100, 13, 3, 0, 12, 138, 0, 11
       7          21.6     19603.0  19316, 14, 102, 13, 3, 0, 12, 134, 0, 9
       8          22.8     19585.0  19295, 14, 100, 13, 3, 0, 12, 135, 0, 13
       9         133.3     19566.0  19274, 12, 100, 13, 4, 0, 12, 136, 0, 15
      10         133.8     19561.0  19270, 14, 100, 13, 3, 0, 12, 132, 0, 17
      11         148.4     19349.0  19071, 16, 100, 15, 7, 0, 16, 112, 0, 12
      12         149.0     18949.0  18676, 14, 100, 14, 7, 0, 14, 112, 0, 12
      13         150.1     18880.0  18609, 14, 100, 14, 8, 0, 12, 112, 0, 11
      14         150.5     17617.0  17356, 14, 84, 14, 7, 0, 12, 117, 0, 13
      15         151.1     17599.0  17341, 14, 86, 14, 7, 0, 12, 114, 0, 11
      16         154.1     16882.0  16632, 14, 78, 15, 6, 0, 14, 112, 0, 11
      17         154.5     16720.0  16473, 14, 78, 14, 6, 0, 12, 114, 0, 9
      18         157.5     16636.0  16390, 14, 78, 14, 6, 0, 12, 111, 0, 11
      19         163.7     16207.0  15966, 14, 72, 16, 5, 0, 16, 107, 0, 11
      20         164.3     16201.0  15959, 14, 72, 15, 5, 0, 14, 111, 0, 11
      21         167.6     15931.0  15695, 14, 72, 15, 5, 0, 12, 109, 0, 9
      22         176.3     15817.0  15583, 14, 74, 14, 5, 0, 12, 102, 0, 13
      23         177.0     15745.0  15511, 14, 70, 16, 5, 0, 16, 100, 0, 13
      24         177.4     15739.0  15504, 14, 70, 15, 5, 0, 14, 104, 0, 13
      25         179.5     15469.0  15240, 14, 70, 15, 5, 0, 12, 102, 0, 11
      26         190.2     15403.0  15175, 14, 70, 14, 5, 0, 14, 100, 0, 11
      27         192.0     15289.0  15063, 14, 70, 14, 5, 0, 12, 100, 0, 11
      28         214.9     15265.0  15038, 14, 70, 14, 5, 0, 12, 97, 0, 15
      29         526.6     15225.0  15018, 12, 92, 13, 5, 0, 12, 62, 0, 11
      30         527.3     15123.0  14914, 12, 88, 14, 5, 0, 14, 61, 0, 15
      31         536.0     14881.0  14674, 14, 82, 13, 5, 0, 16, 64, 0, 13
      32         538.1     14803.0  14595, 14, 78, 14, 5, 0, 18, 66, 0, 13
      33         540.0     14791.0  14578, 14, 74, 15, 5, 0, 18, 68, 0, 19
      34         540.8     14701.0  14491, 14, 74, 15, 5, 0, 20, 65, 0, 17
      35         543.5     14431.0  14227, 14, 74, 15, 5, 0, 18, 63, 0, 15
      36         583.6     14405.0  14206, 16, 78, 13, 5, 0, 14, 60, 0, 13
      37         585.5     14303.0  14102, 16, 74, 14, 5, 0, 16, 59, 0, 17
      38         613.9     14248.0  14048, 14, 76, 13, 6, 0, 14, 62, 0, 15
      39         620.8     14176.0  13976, 14, 74, 14, 6, 0, 16, 59, 0, 17
      40         637.7     13572.0  13379, 12, 70, 14, 6, 0, 16, 59, 0, 16
      41         721.4     13422.0  13225, 12, 62, 14, 6, 0, 16, 72, 0, 15
      42         722.7     13058.0  12866, 10, 62, 13, 6, 0, 14, 74, 0, 13
      43         748.3     12992.0  12798, 10, 58, 14, 6, 0, 16, 75, 0, 15
      44         751.9     12740.0  12549, 10, 56, 14, 6, 0, 14, 76, 0, 15
      45         752.9     12722.0  12534, 10, 58, 14, 6, 0, 14, 73, 0, 13
      46         756.9     12260.0  12079, 10, 56, 14, 6, 0, 14, 66, 0, 15
      47         784.5     12132.0  11954, 12, 56, 13, 6, 0, 12, 62, 0, 17
      48         797.3     12005.0  11828, 10, 56, 13, 7, 0, 12, 62, 0, 17
      49         957.5     11980.0  11806, 8, 60, 13, 6, 0, 16, 56, 0, 15
      50         959.0     11938.0  11766, 8, 60, 13, 6, 0, 18, 54, 0, 13
      51         975.8     11851.0  11678, 8, 60, 12, 7, 0, 12, 57, 0, 17
      52        1012.3     11788.0  11618, 8, 60, 13, 6, 0, 12, 58, 0, 13
      53        1021.7     11776.0  11604, 8, 60, 12, 6, 0, 12, 57, 0, 17
      54        1121.5     11779.0  11603, 8, 56, 13, 5, 0, 14, 61, 0, 19
      55        1156.4     11737.0  11563, 8, 56, 14, 5, 0, 16, 56, 0, 19
      56        1156.9     11575.0  11404, 8, 56, 13, 5, 0, 14, 58, 0, 17
      57        2065.0     11511.0  11336, 12, 46, 12, 7, 0, 14, 65, 0, 19
      58        2066.0     11433.0  11257, 12, 42, 13, 7, 0, 16, 67, 0, 19
      59        2067.6     11163.0  10993, 12, 42, 13, 7, 0, 14, 65, 0, 17
      60        2075.6     11145.0  10978, 12, 44, 13, 7, 0, 14, 62, 0, 15
      61        2088.3     10977.0  10815, 12, 44, 13, 7, 0, 18, 55, 0, 13
      62        2120.9     10929.0  10765, 12, 44, 12, 7, 0, 14, 58, 0, 17
      63        2198.8     10871.0  10712, 10, 48, 12, 7, 0, 14, 57, 0, 11
      64        2260.5     10859.0  10698, 10, 48, 11, 7, 0, 14, 56, 0, 15
      65        2560.4     10845.0  10685, 12, 44, 13, 7, 0, 14, 57, 0, 13
      66        3293.7     10808.0  10646, 10, 46, 12, 6, 0, 12, 61, 0, 15
      67        3303.2     10790.0  10631, 10, 48, 12, 6, 0, 12, 58, 0, 13
      68        3619.1     10746.0  10586, 12, 44, 12, 6, 0, 14, 57, 0, 15
      69        3633.3     10604.0  10444, 10, 42, 13, 6, 0, 16, 58, 0, 15
      70        3637.6     10586.0  10429, 10, 44, 13, 6, 0, 16, 55, 0, 13
      71        3647.4     10544.0  10386, 10, 44, 12, 6, 0, 14, 57, 0, 15
      72        5514.2     10520.0  10361, 10, 44, 12, 6, 0, 14, 54, 0, 19
      73       20080.3     10454.0  10299, 10, 44, 12, 6, 0, 12, 60, 0, 11
      74       20881.9     10358.0  10199, 10, 40, 12, 6, 0, 12, 62, 0, 17
      75       22395.7     10292.0  10137, 10, 42, 12, 6, 0, 12, 58, 0, 15
      76       22423.7     10268.0  10112, 10, 42, 12, 6, 0, 12, 55, 0, 19
      77       25284.8     10252.0  10097, 14, 32, 13, 8, 0, 18, 58, 0, 12
      78       25295.0     10218.0  10060, 12, 32, 13, 8, 0, 18, 59, 0, 16
      79       25298.0     10014.0  9861, 12, 32, 13, 8, 0, 18, 56, 0, 14
      80       25473.0      9969.0  9813, 12, 30, 13, 7, 0, 14, 64, 0, 16
      81       25481.2      9951.0  9798, 12, 32, 13, 7, 0, 14, 61, 0, 14
      82       25937.2      9773.0  9620, 10, 32, 13, 7, 0, 18, 53, 0, 20
      83       25945.7      9701.0  9551, 10, 32, 13, 7, 0, 18, 54, 0, 16
      84       27475.4      9623.0  9475, 10, 32, 12, 7, 0, 16, 59, 0, 12
      85       27490.8      9605.0  9460, 10, 34, 12, 7, 0, 16, 56, 0, 10
      86       27957.6      9551.0  9403, 10, 30, 13, 7, 0, 18, 56, 0, 14
      87       34123.4      9419.0  9270, 10, 28, 13, 7, 0, 14, 60, 0, 17
      88       34148.8      9335.0  9187, 10, 28, 13, 7, 0, 14, 57, 0, 19
      89       38668.4      9263.0  9118, 10, 28, 13, 7, 0, 14, 58, 0, 15
      90       42329.8      9227.0  9082, 10, 26, 13, 7, 0, 18, 57, 0, 14

--- Solution (notes MIDI) ---
64 65 62 60 72 69 69 69 64 60 62 69 67 64 62 64 62 60 55 57 50 48 48 50 48 53 55 
