========================================
  RÉSULTATS : 4voices_1_1_1_5_vtype_2_3_3
========================================

--- Configuration ---
CF                : direct_cf_Majeur
Gamme indicative  : Majeur
Preset            : bryce
Borrow mode       : 0
Mode d'objectif   : pond (score lex pondéré)
Nombre de voix    : 4
Espèces (incl CF) : 1 0 0 4
v_type            : 2 3 3
Timeout max (ms)  : 480000
Stagnation (ms)   : 0
Cantus firmus     : 48 50 53 52 55 53 52 50 48
                    Do3 Ré3 Fa3 Mi3 Sol3 Fa3 Mi3 Ré3 Do3

--- Métriques de recherche ---
Temps total (ms)            : 480546.2
Temps 1ère solution (ms)    : 36.2
Temps dernière amélio. (ms) : 29958.1
Solutions trouvées          : 13
Améliorations de coût       : 13
Score pondéré           : 28798.0
Terminaison                 : TIMEOUT_MAX

--- Statistiques Gecode ---
Nœuds      : 6532118
Échecs     : 3266013
Restarts   : 0
Propagat.  : 1363818190
Profondeur : 158

--- Améliorations ---
    Sol#    Temps (ms)       Coût
       1          36.2     34575.0
       2          50.3     30042.0
       3          50.7     29974.0
       4          61.5     29962.0
       5         118.8     29906.0
       6        1729.2     29850.0
       7        2883.5     29830.0
       8        3022.8     29666.0
       9       15466.2     29550.0
      10       20832.5     28970.0
      11       20983.6     28914.0
      12       29809.3     28854.0
      13       29958.1     28798.0

--- Évolution du vecteur de coûts (toutes les solutions BAB) ---
    Sol#    Temps (ms)        Cost  Vecteur lex
       1          36.2     34575.0  34048, 8, 14, 130, 4, 9, 121, 15, 66, 32, 0, 92, 16, 20
       2          50.3     30042.0  29574, 8, 12, 116, 4, 9, 81, 10, 66, 32, 0, 92, 18, 20
       3          50.7     29974.0  29508, 8, 12, 116, 4, 9, 81, 10, 66, 32, 0, 92, 16, 20
       4          61.5     29962.0  29496, 8, 12, 116, 4, 9, 81, 10, 66, 32, 0, 92, 14, 22
       5         118.8     29906.0  29442, 8, 12, 116, 4, 9, 81, 10, 66, 32, 0, 92, 14, 20
       6        1729.2     29850.0  29388, 8, 12, 116, 4, 9, 81, 10, 66, 32, 0, 92, 14, 18
       7        2883.5     29830.0  29367, 8, 12, 116, 4, 9, 81, 10, 64, 32, 0, 92, 16, 19
       8        3022.8     29666.0  29208, 8, 12, 116, 4, 9, 81, 10, 64, 32, 0, 92, 12, 18
       9       15466.2     29550.0  29094, 8, 12, 116, 4, 9, 81, 10, 62, 32, 0, 92, 12, 18
      10       20832.5     28970.0  28516, 0, 12, 116, 4, 9, 81, 10, 64, 32, 0, 92, 12, 22
      11       20983.6     28914.0  28462, 0, 12, 116, 4, 9, 81, 10, 64, 32, 0, 92, 12, 20
      12       29809.3     28854.0  28402, 0, 12, 116, 4, 9, 81, 10, 62, 32, 0, 92, 12, 22
      13       29958.1     28798.0  28348, 0, 12, 116, 4, 9, 81, 10, 62, 32, 0, 92, 12, 20

--- Solution (notes MIDI) ---
57 53 50 48 48 50 48 53 60 69 71 59 60 72 74 69 71 67 74 64 65 60 65 69 74 67 74 65 67 62 67 59 60 62 60 72 74 76 65 77 71 67 77 74 76 71 72 67 74 69 64 
