========================================
  RÉSULTATS : 4voices_1_1_1_5_vtype_1_3_2
========================================

--- Configuration ---
CF                : direct_cf_Majeur
Gamme indicative  : Majeur
Preset            : bryce
Borrow mode       : 0
Mode d'objectif   : pond (score lex pondéré)
Nombre de voix    : 4
Espèces (incl CF) : 1 0 0 4
v_type            : 1 3 2
Timeout max (ms)  : 480000
Stagnation (ms)   : 0
Cantus firmus     : 48 50 53 52 55 53 52 50 48
                    Do3 Ré3 Fa3 Mi3 Sol3 Fa3 Mi3 Ré3 Do3

--- Métriques de recherche ---
Temps total (ms)            : 480000.0
Temps 1ère solution (ms)    : 54.1
Temps dernière amélio. (ms) : 46898.4
Solutions trouvées          : 14
Améliorations de coût       : 14
Score pondéré           : 57130.0
Terminaison                 : TIMEOUT_MAX

--- Statistiques Gecode ---
Nœuds      : 6215041
Échecs     : 3107471
Restarts   : 0
Propagat.  : 1182791639
Profondeur : 168

--- Améliorations ---
    Sol#    Temps (ms)       Coût
       1          54.1     62721.0
       2          54.6     59889.0
       3          54.9     58575.0
       4         187.9     58295.0
       5         235.1     58227.0
       6         674.9     58159.0
       7       13254.9     57879.0
       8       13368.2     57647.0
       9       13368.8     57531.0
      10       17411.2     57463.0
      11       32749.0     57382.0
      12       33037.8     57266.0
      13       36254.3     57198.0
      14       46898.4     57130.0

--- Évolution du vecteur de coûts (toutes les solutions BAB) ---
    Sol#    Temps (ms)        Cost  Vecteur lex
       1          54.1     62721.0  61788, 16, 2, 144, 5, 10, 443, 55, 85, 24, 0, 121, 14, 14
       2          54.6     59889.0  58994, 16, 2, 144, 4, 10, 403, 50, 85, 32, 0, 121, 14, 14
       3          54.9     58575.0  57696, 16, 2, 130, 4, 10, 403, 50, 85, 32, 0, 121, 12, 14
       4         187.9     58295.0  57420, 16, 2, 130, 4, 10, 403, 50, 79, 32, 0, 121, 14, 14
       5         235.1     58227.0  57354, 16, 2, 130, 4, 10, 403, 50, 79, 32, 0, 121, 12, 14
       6         674.9     58159.0  57288, 16, 2, 130, 4, 10, 403, 50, 79, 32, 0, 121, 10, 14
       7       13254.9     57879.0  57012, 16, 2, 130, 4, 10, 403, 50, 73, 32, 0, 121, 12, 14
       8       13368.2     57647.0  56784, 16, 2, 130, 4, 10, 403, 50, 69, 32, 0, 121, 12, 14
       9       13368.8     57531.0  56670, 16, 2, 130, 4, 10, 403, 50, 67, 32, 0, 121, 12, 14
      10       17411.2     57463.0  56604, 16, 2, 130, 4, 10, 403, 50, 67, 32, 0, 121, 10, 14
      11       32749.0     57382.0  56524, 16, 2, 130, 5, 10, 403, 50, 69, 24, 0, 121, 14, 14
      12       33037.8     57266.0  56410, 16, 2, 130, 5, 10, 403, 50, 67, 24, 0, 121, 14, 14
      13       36254.3     57198.0  56344, 16, 2, 130, 5, 10, 403, 50, 67, 24, 0, 121, 12, 14
      14       46898.4     57130.0  56278, 16, 2, 130, 5, 10, 403, 50, 67, 24, 0, 121, 10, 14

--- Solution (notes MIDI) ---
55 43 45 43 43 45 43 43 55 57 55 57 59 71 72 74 76 72 67 57 60 52 60 64 62 72 62 71 64 57 64 65 67 62 67 64 60 55 62 71 64 57 50 62 60 59 53 55 52 62 52 
