========================================
  RÉSULTATS : 4voices_1_1_1_3_vtype_2_2_3
========================================

--- Configuration ---
CF                : direct_cf_Majeur
Gamme indicative  : Majeur
Preset            : bryce
Borrow mode       : 0
Mode d'objectif   : pond (score lex pondéré)
Nombre de voix    : 4
Espèces (incl CF) : 1 0 0 2
v_type            : 2 2 3
Timeout max (ms)  : 480000
Stagnation (ms)   : 0
Cantus firmus     : 48 50 53 52 55 53 52 50 48
                    Do3 Ré3 Fa3 Mi3 Sol3 Fa3 Mi3 Ré3 Do3

--- Métriques de recherche ---
Temps total (ms)            : 480000.1
Temps 1ère solution (ms)    : 28.9
Temps dernière amélio. (ms) : 465529.9
Solutions trouvées          : 117
Améliorations de coût       : 117
Score pondéré           : 18239.0
Terminaison                 : TIMEOUT_MAX

--- Statistiques Gecode ---
Nœuds      : 3501333
Échecs     : 1750531
Restarts   : 0
Propagat.  : 2372983692
Profondeur : 113

--- Améliorations ---
    Sol#    Temps (ms)       Coût
       1          28.9     26644.0
       2          29.7     26424.0
       3          30.0     26369.0
       4          30.3     26314.0
       5          30.8     26259.0
       6          31.1     26204.0
       7          31.3     26149.0
       8          31.6     26094.0
       9          31.9     26039.0
      10          32.1     25984.0
      11          32.3     25929.0
      12          32.6     25874.0
      13          32.8     25819.0
      14          33.1     25764.0
      15          33.3     25709.0
      16          33.6     25654.0
      17          33.8     25599.0
      18          34.1     25544.0
      19          34.3     25489.0
      20          34.5     25434.0
      21          34.8     25379.0
      22          35.0     25324.0
      23          35.1     25104.0
      24          35.8     25082.0
      25          36.1     25027.0
      26          36.5     24972.0
      27          36.8     24917.0
      28          37.1     24862.0
      29          37.5     24807.0
      30          37.8     24752.0
      31          38.3     24697.0
      32          38.5     24642.0
      33          38.8     24587.0
      34          39.0     24532.0
      35          39.2     24477.0
      36          39.5     24422.0
      37          39.7     24367.0
      38          40.0     24312.0
      39          40.2     24257.0
      40          40.4     24037.0
      41          42.5     24034.0
      42          43.0     23979.0
      43          43.3     23924.0
      44          43.5     23869.0
      45          43.8     23814.0
      46          44.1     23759.0
      47          44.4     23539.0
      48          72.2     23478.0
      49          73.6     23407.0
      50          78.1     23238.0
      51         137.3     23214.0
      52         647.5     23158.0
      53         924.8     23081.0
      54         940.7     23078.0
      55         941.1     23023.0
      56         941.5     22968.0
      57         941.9     22748.0
      58        1031.7     22726.0
      59        1035.2     22723.0
      60        1035.8     22668.0
      61        1036.2     22613.0
      62        1036.5     22558.0
      63        1036.8     22503.0
      64        1037.1     22448.0
      65        1037.4     22228.0
      66        1267.1     22106.0
      67       25409.9     22083.0
      68       25410.7     22028.0
      69       25411.3     21808.0
      70       25420.0     21805.0
      71       25420.7     21750.0
      72       25421.0     21695.0
      73       25421.3     21640.0
      74       25421.6     21585.0
      75       25421.9     21530.0
      76       25422.2     21310.0
      77       25541.0     21188.0
      78       25952.4     21095.0
      79       35999.2     21089.0
      80       36000.2     21034.0
      81       36000.6     20979.0
      82       36001.0     20924.0
      83       36001.4     20869.0
      84       36001.8     20814.0
      85       36002.1     20759.0
      86       36002.5     20539.0
      87       36411.7     20417.0
      88       56416.4     20381.0
      89       59379.8     20190.0
      90       59380.2     20150.0
      91       59380.6     20095.0
      92       59381.0     20040.0
      93       59381.5     19985.0
      94       59381.9     19930.0
      95       59382.7     19875.0
      96       59383.0     19820.0
      97       59383.3     19765.0
      98       59383.5     19545.0
      99       59400.8     19526.0
     100       59401.4     19471.0
     101       59401.7     19416.0
     102       59402.0     19361.0
     103       59402.3     19306.0
     104       59402.7     19086.0
     105      147989.6     19040.0
     106      151096.3     18989.0
     107      355617.4     18935.0
     108      392976.0     18919.0
     109      393138.7     18774.0
     110      393142.9     18688.0
     111      393809.3     18566.0
     112      396194.0     18501.0
     113      396211.2     18462.0
     114      396404.2     18340.0
     115      460249.3     18281.0
     116      461980.6     18253.0
     117      465529.9     18239.0

--- Évolution du vecteur de coûts (toutes les solutions BAB) ---
    Sol#    Temps (ms)        Cost  Vecteur lex
       1          28.9     26644.0  26225, 12, 116, 16, 20, 6, 0, 26, 28, 0, 179, 3, 13
       2          29.7     26424.0  26009, 12, 116, 16, 20, 6, 0, 26, 24, 0, 179, 3, 13
       3          30.0     26369.0  25955, 12, 116, 16, 20, 6, 0, 26, 23, 0, 179, 3, 13
       4          30.3     26314.0  25901, 12, 116, 16, 20, 6, 0, 26, 22, 0, 179, 3, 13
       5          30.8     26259.0  25847, 12, 116, 16, 20, 6, 0, 26, 21, 0, 179, 3, 13
       6          31.1     26204.0  25793, 12, 116, 16, 20, 6, 0, 26, 20, 0, 179, 3, 13
       7          31.3     26149.0  25739, 12, 116, 16, 20, 6, 0, 26, 19, 0, 179, 3, 13
       8          31.6     26094.0  25685, 12, 116, 16, 20, 6, 0, 26, 18, 0, 179, 3, 13
       9          31.9     26039.0  25631, 12, 116, 16, 20, 6, 0, 26, 17, 0, 179, 3, 13
      10          32.1     25984.0  25577, 12, 116, 16, 20, 6, 0, 26, 16, 0, 179, 3, 13
      11          32.3     25929.0  25523, 12, 116, 16, 20, 6, 0, 26, 15, 0, 179, 3, 13
      12          32.6     25874.0  25469, 12, 116, 16, 20, 6, 0, 26, 14, 0, 179, 3, 13
      13          32.8     25819.0  25415, 12, 116, 16, 20, 6, 0, 26, 13, 0, 179, 3, 13
      14          33.1     25764.0  25361, 12, 116, 16, 20, 6, 0, 26, 12, 0, 179, 3, 13
      15          33.3     25709.0  25307, 12, 116, 16, 20, 6, 0, 26, 11, 0, 179, 3, 13
      16          33.6     25654.0  25253, 12, 116, 16, 20, 6, 0, 26, 10, 0, 179, 3, 13
      17          33.8     25599.0  25199, 12, 116, 16, 20, 6, 0, 26, 9, 0, 179, 3, 13
      18          34.1     25544.0  25145, 12, 116, 16, 20, 6, 0, 26, 8, 0, 179, 3, 13
      19          34.3     25489.0  25091, 12, 116, 16, 20, 6, 0, 26, 7, 0, 179, 3, 13
      20          34.5     25434.0  25037, 12, 116, 16, 20, 6, 0, 26, 6, 0, 179, 3, 13
      21          34.8     25379.0  24983, 12, 116, 16, 20, 6, 0, 26, 5, 0, 179, 3, 13
      22          35.0     25324.0  24929, 12, 116, 16, 20, 6, 0, 26, 4, 0, 179, 3, 13
      23          35.1     25104.0  24713, 12, 116, 16, 20, 6, 0, 26, 0, 0, 179, 3, 13
      24          35.8     25082.0  24699, 12, 116, 16, 21, 6, 0, 26, 19, 0, 151, 3, 13
      25          36.1     25027.0  24645, 12, 116, 16, 21, 6, 0, 26, 18, 0, 151, 3, 13
      26          36.5     24972.0  24591, 12, 116, 16, 21, 6, 0, 26, 17, 0, 151, 3, 13
      27          36.8     24917.0  24537, 12, 116, 16, 21, 6, 0, 26, 16, 0, 151, 3, 13
      28          37.1     24862.0  24483, 12, 116, 16, 21, 6, 0, 26, 15, 0, 151, 3, 13
      29          37.5     24807.0  24429, 12, 116, 16, 21, 6, 0, 26, 14, 0, 151, 3, 13
      30          37.8     24752.0  24375, 12, 116, 16, 21, 6, 0, 26, 13, 0, 151, 3, 13
      31          38.3     24697.0  24321, 12, 116, 16, 21, 6, 0, 26, 12, 0, 151, 3, 13
      32          38.5     24642.0  24267, 12, 116, 16, 21, 6, 0, 26, 11, 0, 151, 3, 13
      33          38.8     24587.0  24213, 12, 116, 16, 21, 6, 0, 26, 10, 0, 151, 3, 13
      34          39.0     24532.0  24159, 12, 116, 16, 21, 6, 0, 26, 9, 0, 151, 3, 13
      35          39.2     24477.0  24105, 12, 116, 16, 21, 6, 0, 26, 8, 0, 151, 3, 13
      36          39.5     24422.0  24051, 12, 116, 16, 21, 6, 0, 26, 7, 0, 151, 3, 13
      37          39.7     24367.0  23997, 12, 116, 16, 21, 6, 0, 26, 6, 0, 151, 3, 13
      38          40.0     24312.0  23943, 12, 116, 16, 21, 6, 0, 26, 5, 0, 151, 3, 13
      39          40.2     24257.0  23889, 12, 116, 16, 21, 6, 0, 26, 4, 0, 151, 3, 13
      40          40.4     24037.0  23673, 12, 116, 16, 21, 6, 0, 26, 0, 0, 151, 3, 13
      41          42.5     24034.0  23673, 12, 116, 16, 20, 7, 0, 26, 9, 0, 139, 3, 13
      42          43.0     23979.0  23619, 12, 116, 16, 20, 7, 0, 26, 8, 0, 139, 3, 13
      43          43.3     23924.0  23565, 12, 116, 16, 20, 7, 0, 26, 7, 0, 139, 3, 13
      44          43.5     23869.0  23511, 12, 116, 16, 20, 7, 0, 26, 6, 0, 139, 3, 13
      45          43.8     23814.0  23457, 12, 116, 16, 20, 7, 0, 26, 5, 0, 139, 3, 13
      46          44.1     23759.0  23403, 12, 116, 16, 20, 7, 0, 26, 4, 0, 139, 3, 13
      47          44.4     23539.0  23187, 12, 116, 16, 20, 7, 0, 26, 0, 0, 139, 3, 13
      48          72.2     23478.0  23127, 10, 116, 16, 20, 7, 0, 30, 0, 0, 137, 4, 11
      49          73.6     23407.0  23061, 10, 120, 16, 19, 7, 0, 26, 0, 0, 137, 2, 9
      50          78.1     23238.0  22895, 10, 120, 16, 18, 8, 0, 24, 0, 0, 136, 2, 9
      51         137.3     23214.0  22867, 12, 116, 16, 19, 8, 0, 20, 0, 0, 141, 2, 13
      52         647.5     23158.0  22815, 10, 120, 16, 18, 8, 0, 20, 0, 0, 140, 2, 9
      53         924.8     23081.0  22731, 12, 116, 8, 21, 6, 0, 26, 0, 0, 144, 4, 13
      54         940.7     23078.0  22731, 10, 120, 8, 19, 7, 0, 24, 6, 0, 138, 4, 11
      55         941.1     23023.0  22677, 10, 120, 8, 19, 7, 0, 24, 5, 0, 138, 4, 11
      56         941.5     22968.0  22623, 10, 120, 8, 19, 7, 0, 24, 4, 0, 138, 4, 11
      57         941.9     22748.0  22407, 10, 120, 8, 19, 7, 0, 24, 0, 0, 138, 4, 11
      58        1031.7     22726.0  22377, 8, 116, 8, 20, 6, 0, 24, 0, 0, 151, 3, 13
      59        1035.2     22723.0  22377, 8, 116, 8, 19, 7, 0, 24, 9, 0, 139, 3, 13
      60        1035.8     22668.0  22323, 8, 116, 8, 19, 7, 0, 24, 8, 0, 139, 3, 13
      61        1036.2     22613.0  22269, 8, 116, 8, 19, 7, 0, 24, 7, 0, 139, 3, 13
      62        1036.5     22558.0  22215, 8, 116, 8, 19, 7, 0, 24, 6, 0, 139, 3, 13
      63        1036.8     22503.0  22161, 8, 116, 8, 19, 7, 0, 24, 5, 0, 139, 3, 13
      64        1037.1     22448.0  22107, 8, 116, 8, 19, 7, 0, 24, 4, 0, 139, 3, 13
      65        1037.4     22228.0  21891, 8, 116, 8, 19, 7, 0, 24, 0, 0, 139, 3, 13
      66        1267.1     22106.0  21771, 8, 116, 8, 19, 7, 0, 22, 0, 0, 139, 3, 13
      67       25409.9     22083.0  21727, 6, 108, 0, 19, 6, 0, 24, 5, 0, 169, 4, 15
      68       25410.7     22028.0  21673, 6, 108, 0, 19, 6, 0, 24, 4, 0, 169, 4, 15
      69       25411.3     21808.0  21457, 6, 108, 0, 19, 6, 0, 24, 0, 0, 169, 4, 15
      70       25420.0     21805.0  21457, 6, 108, 0, 18, 7, 0, 24, 9, 0, 157, 4, 15
      71       25420.7     21750.0  21403, 6, 108, 0, 18, 7, 0, 24, 8, 0, 157, 4, 15
      72       25421.0     21695.0  21349, 6, 108, 0, 18, 7, 0, 24, 7, 0, 157, 4, 15
      73       25421.3     21640.0  21295, 6, 108, 0, 18, 7, 0, 24, 6, 0, 157, 4, 15
      74       25421.6     21585.0  21241, 6, 108, 0, 18, 7, 0, 24, 5, 0, 157, 4, 15
      75       25421.9     21530.0  21187, 6, 108, 0, 18, 7, 0, 24, 4, 0, 157, 4, 15
      76       25422.2     21310.0  20971, 6, 108, 0, 18, 7, 0, 24, 0, 0, 157, 4, 15
      77       25541.0     21188.0  20851, 6, 108, 0, 18, 7, 0, 22, 0, 0, 157, 4, 15
      78       25952.4     21095.0  20763, 8, 108, 0, 20, 5, 0, 22, 0, 0, 149, 3, 17
      79       35999.2     21089.0  20757, 6, 106, 0, 18, 7, 0, 26, 10, 0, 139, 5, 15
      80       36000.2     21034.0  20703, 6, 106, 0, 18, 7, 0, 26, 9, 0, 139, 5, 15
      81       36000.6     20979.0  20649, 6, 106, 0, 18, 7, 0, 26, 8, 0, 139, 5, 15
      82       36001.0     20924.0  20595, 6, 106, 0, 18, 7, 0, 26, 7, 0, 139, 5, 15
      83       36001.4     20869.0  20541, 6, 106, 0, 18, 7, 0, 26, 6, 0, 139, 5, 15
      84       36001.8     20814.0  20487, 6, 106, 0, 18, 7, 0, 26, 5, 0, 139, 5, 15
      85       36002.1     20759.0  20433, 6, 106, 0, 18, 7, 0, 26, 4, 0, 139, 5, 15
      86       36002.5     20539.0  20217, 6, 106, 0, 18, 7, 0, 26, 0, 0, 139, 5, 15
      87       36411.7     20417.0  20097, 6, 106, 0, 18, 7, 0, 24, 0, 0, 139, 5, 15
      88       56416.4     20381.0  20085, 8, 122, 0, 19, 5, 0, 24, 0, 0, 99, 2, 17
      89       59379.8     20190.0  19895, 12, 114, 0, 17, 7, 0, 26, 0, 0, 100, 4, 15
      90       59380.2     20150.0  19853, 10, 112, 0, 17, 6, 0, 24, 11, 0, 100, 4, 13
      91       59380.6     20095.0  19799, 10, 112, 0, 17, 6, 0, 24, 10, 0, 100, 4, 13
      92       59381.0     20040.0  19745, 10, 112, 0, 17, 6, 0, 24, 9, 0, 100, 4, 13
      93       59381.5     19985.0  19691, 10, 112, 0, 17, 6, 0, 24, 8, 0, 100, 4, 13
      94       59381.9     19930.0  19637, 10, 112, 0, 17, 6, 0, 24, 7, 0, 100, 4, 13
      95       59382.7     19875.0  19583, 10, 112, 0, 17, 6, 0, 24, 6, 0, 100, 4, 13
      96       59383.0     19820.0  19529, 10, 112, 0, 17, 6, 0, 24, 5, 0, 100, 4, 13
      97       59383.3     19765.0  19475, 10, 112, 0, 17, 6, 0, 24, 4, 0, 100, 4, 13
      98       59383.5     19545.0  19259, 10, 112, 0, 17, 6, 0, 24, 0, 0, 100, 4, 13
      99       59400.8     19526.0  19235, 8, 108, 0, 19, 5, 0, 24, 8, 0, 99, 3, 17
     100       59401.4     19471.0  19181, 8, 108, 0, 19, 5, 0, 24, 7, 0, 99, 3, 17
     101       59401.7     19416.0  19127, 8, 108, 0, 19, 5, 0, 24, 6, 0, 99, 3, 17
     102       59402.0     19361.0  19073, 8, 108, 0, 19, 5, 0, 24, 5, 0, 99, 3, 17
     103       59402.3     19306.0  19019, 8, 108, 0, 19, 5, 0, 24, 4, 0, 99, 3, 17
     104       59402.7     19086.0  18803, 8, 108, 0, 19, 5, 0, 24, 0, 0, 99, 3, 17
     105      147989.6     19040.0  18755, 8, 106, 0, 18, 6, 0, 22, 0, 0, 107, 3, 15
     106      151096.3     18989.0  18703, 6, 106, 0, 17, 7, 0, 24, 0, 0, 107, 4, 15
     107      355617.4     18935.0  18651, 6, 106, 0, 17, 7, 0, 26, 0, 0, 101, 6, 15
     108      392976.0     18919.0  18641, 10, 106, 0, 18, 7, 0, 22, 0, 0, 99, 1, 15
     109      393138.7     18774.0  18497, 6, 110, 0, 17, 7, 0, 20, 0, 0, 101, 1, 15
     110      393142.9     18688.0  18409, 6, 106, 0, 18, 7, 0, 22, 0, 0, 101, 2, 17
     111      393809.3     18566.0  18289, 6, 106, 0, 18, 7, 0, 20, 0, 0, 101, 2, 17
     112      396194.0     18501.0  18231, 6, 110, 0, 15, 8, 0, 22, 0, 0, 94, 2, 13
     113      396211.2     18462.0  18189, 6, 106, 0, 17, 7, 0, 24, 0, 0, 95, 3, 15
     114      396404.2     18340.0  18069, 6, 106, 0, 17, 7, 0, 22, 0, 0, 95, 3, 15
     115      460249.3     18281.0  18007, 6, 102, 0, 15, 9, 0, 24, 0, 0, 101, 2, 15
     116      461980.6     18253.0  17979, 6, 102, 0, 17, 7, 0, 22, 0, 0, 103, 2, 15
     117      465529.9     18239.0  17967, 6, 102, 0, 17, 7, 0, 26, 0, 0, 95, 4, 15

--- Solution (notes MIDI) ---
60 65 62 60 72 69 69 71 67 60 62 50 48 48 50 48 53 52 55 57 59 60 65 67 69 67 65 62 64 65 67 64 62 60 64 65 67 69 71 69 65 67 69 71 72 76 77 74 72 71 72 
