========================================
  RÉSULTATS : 4voices_1_1_1_1_vtype_1_2_2
========================================

--- Configuration ---
CF                : direct_cf_Majeur
Gamme indicative  : Majeur
Preset            : bryce
Borrow mode       : 0
Mode d'objectif   : pond (score lex pondéré)
Nombre de voix    : 4
Espèces (incl CF) : 1 0 0 0
v_type            : 1 2 2
Timeout max (ms)  : 480000
Stagnation (ms)   : 0
Cantus firmus     : 48 50 53 52 55 53 52 50 48
                    Do3 Ré3 Fa3 Mi3 Sol3 Fa3 Mi3 Ré3 Do3

--- Métriques de recherche ---
Temps total (ms)            : 480000.1
Temps 1ère solution (ms)    : 12.1
Temps dernière amélio. (ms) : 143871.8
Solutions trouvées          : 95
Améliorations de coût       : 94
Score pondéré           : 15864.0
Terminaison                 : TIMEOUT_MAX

--- Statistiques Gecode ---
Nœuds      : 3836117
Échecs     : 1917950
Restarts   : 0
Propagat.  : 2913297377
Profondeur : 77

--- Améliorations ---
    Sol#    Temps (ms)       Coût
       1          12.1     52202.0
       2          13.1     51820.0
       3          16.1     51607.0
       4          19.8     49497.0
       5          24.4     49229.0
       6          34.4     49217.0
       7          35.6     48833.0
       8          40.5     48761.0
       9         119.4     48728.0
      10         153.9     48656.0
      11         154.5     48548.0
      12         161.8     48474.0
      13         198.8     48414.0
      14         289.5     48164.0
      15         300.8     47890.0
      16         562.6     47779.0
      17         611.8     47778.0
      18         618.3     46992.0
      19         619.0     46884.0
      20         619.7     46416.0
      21         677.4     46148.0
      22         690.5     46072.0
      23         695.9     45960.0
      24         696.9     45954.0
      25         698.7     45860.0
      26         699.5     45752.0
      27         700.4     45680.0
      28         788.2     45652.0
      29         788.6     45544.0
      30         802.2     45400.0
      31         835.4     45361.0
      32        1876.0     45313.0
      33        1935.7     45304.0
      34        2750.0     45289.0
      35        2869.1     45274.0
      36        2910.9     45199.0
      37        3079.0     45190.0
      38        3092.4     45151.0
      39        3648.8     45121.0
      40        3651.0     45046.0
      41        3688.7     45025.0
      42       17832.0     44875.0
      43       17835.1     44599.0
      44       17838.7     44395.0
      45       17849.2     44233.0
      46       17918.4     44194.0
      47       19112.5     44164.0
      48       19130.2     44068.0
      49       24434.8     25551.0
      50       24435.5     25202.0
      51       24436.5     23488.0
      52       24438.1     23142.0
      53       24440.0     22708.0
      54       24440.4     21367.0
      55       24441.4     21013.0
      56       24443.6     20908.0
      57       24444.7     20640.0
      58       24445.4     20634.0
      59       24446.2     20420.0
      60       24447.5     20152.0
      61       24448.2     20146.0
      62       24458.1     19980.0
      63       24459.2     19872.0
      64       24469.8     18903.0
      65       24473.3     18895.0
      66       24474.6     18309.0
      67       24521.0     18017.0
      68       24522.2     17857.0
      69       24523.1     17635.0
      71       25119.2     17596.0
      72       25139.4     17527.0
      73       26548.6     17461.0
      74       26706.2     17431.0
      75       29020.1     17371.0
      76       30871.0     17345.0
      77       30942.5     17237.0
      78       30950.3     17093.0
      79       31125.3     17018.0
      80       31151.9     16934.0
      81       31325.4     16883.0
      82       31340.1     16874.0
      83       31368.5     16730.0
      84       33208.9     16594.0
      85       33235.2     16528.0
      86       33254.5     16414.0
      87       41085.6     16396.0
      88       68743.9     16264.0
      89       69432.9     16138.0
      90       93572.8     16114.0
      91      129981.8     16050.0
      92      130015.2     15996.0
      93      143477.0     15957.0
      94      143526.2     15882.0
      95      143871.8     15864.0

--- Évolution du vecteur de coûts (toutes les solutions BAB) ---
    Sol#    Temps (ms)        Cost  Vecteur lex
       1          12.1     52202.0  51274, 28, 124, 17, 4, 0, 22, 715, 0, 18
       2          13.1     51820.0  50894, 26, 120, 18, 4, 0, 22, 716, 0, 20
       3          16.1     51607.0  50686, 26, 120, 19, 3, 0, 20, 715, 0, 18
       4          19.8     49497.0  48602, 24, 104, 17, 3, 0, 20, 711, 0, 16
       5          24.4     49229.0  48337, 22, 104, 18, 3, 0, 18, 709, 0, 18
       6          34.4     49217.0  48323, 22, 102, 16, 3, 0, 20, 715, 0, 16
       7          35.6     48833.0  47944, 22, 98, 17, 3, 0, 20, 713, 0, 16
       8          40.5     48761.0  47872, 22, 98, 17, 3, 0, 20, 709, 0, 20
       9         119.4     48728.0  47841, 22, 98, 18, 2, 0, 22, 707, 0, 18
      10         153.9     48656.0  47762, 16, 98, 17, 2, 0, 20, 721, 0, 20
      11         154.5     48548.0  47657, 16, 98, 17, 2, 0, 20, 720, 0, 18
      12         161.8     48474.0  47586, 18, 98, 17, 2, 0, 20, 713, 0, 20
      13         198.8     48414.0  47528, 18, 98, 17, 2, 0, 20, 713, 0, 18
      14         289.5     48164.0  47281, 16, 98, 17, 2, 0, 20, 712, 0, 18
      15         300.8     47890.0  47009, 14, 98, 16, 2, 0, 20, 711, 0, 20
      16         562.6     47779.0  46917, 14, 114, 16, 3, 0, 22, 675, 0, 18
      17         611.8     47778.0  46914, 12, 114, 17, 2, 0, 18, 685, 0, 16
      18         618.3     46992.0  46132, 12, 102, 16, 2, 0, 20, 690, 0, 18
      19         619.0     46884.0  46027, 12, 102, 16, 2, 0, 20, 689, 0, 16
      20         619.7     46416.0  45565, 12, 98, 17, 2, 0, 20, 684, 0, 18
      21         677.4     46148.0  45306, 10, 104, 17, 2, 0, 20, 671, 0, 18
      22         690.5     46072.0  45223, 8, 98, 16, 2, 0, 24, 681, 0, 20
      23         695.9     45960.0  45120, 12, 98, 17, 2, 0, 24, 671, 0, 16
      24         696.9     45954.0  45113, 12, 98, 17, 2, 0, 22, 672, 0, 18
      25         698.7     45860.0  45018, 10, 98, 16, 2, 0, 22, 676, 0, 18
      26         699.5     45752.0  44913, 10, 98, 16, 2, 0, 22, 675, 0, 16
      27         700.4     45680.0  44841, 10, 98, 16, 2, 0, 22, 671, 0, 20
      28         788.2     45652.0  44811, 8, 98, 15, 2, 0, 20, 680, 0, 18
      29         788.6     45544.0  44706, 8, 98, 15, 2, 0, 20, 679, 0, 16
      30         802.2     45400.0  44565, 8, 98, 15, 2, 0, 20, 676, 0, 16
      31         835.4     45361.0  44527, 8, 98, 15, 3, 0, 18, 676, 0, 16
      32        1876.0     45313.0  44480, 8, 98, 14, 3, 0, 22, 672, 0, 16
      33        1935.7     45304.0  44471, 8, 98, 15, 2, 0, 20, 674, 0, 16
      34        2750.0     45289.0  44455, 8, 98, 15, 3, 0, 18, 672, 0, 20
      35        2869.1     45274.0  44442, 8, 98, 15, 2, 0, 22, 671, 0, 16
      36        2910.9     45199.0  44368, 8, 98, 15, 3, 0, 20, 669, 0, 18
      37        3079.0     45190.0  44359, 8, 98, 15, 2, 0, 18, 674, 0, 16
      38        3092.4     45151.0  44321, 8, 98, 15, 3, 0, 20, 668, 0, 18
      39        3648.8     45121.0  44292, 8, 98, 15, 3, 0, 18, 671, 0, 16
      40        3651.0     45046.0  44218, 8, 98, 15, 2, 0, 18, 671, 0, 16
      41        3688.7     45025.0  44198, 8, 98, 14, 3, 0, 18, 672, 0, 14
      42       17832.0     44875.0  44044, 8, 90, 13, 3, 0, 24, 679, 0, 14
      43       17835.1     44599.0  43767, 8, 84, 14, 3, 0, 22, 683, 0, 18
      44       17838.7     44395.0  43568, 8, 84, 14, 3, 0, 22, 680, 0, 16
      45       17849.2     44233.0  43409, 8, 84, 15, 3, 0, 20, 676, 0, 18
      46       17918.4     44194.0  43371, 8, 84, 15, 4, 0, 22, 670, 0, 20
      47       19112.5     44164.0  43342, 8, 84, 15, 4, 0, 20, 673, 0, 18
      48       19130.2     44068.0  43248, 8, 84, 14, 4, 0, 20, 674, 0, 16
      49       24434.8     25551.0  25186, 24, 136, 16, 7, 0, 22, 142, 0, 18
      50       24435.5     25202.0  24843, 22, 136, 17, 6, 0, 22, 140, 0, 16
      51       24436.5     23488.0  23146, 20, 120, 16, 6, 0, 22, 140, 0, 18
      52       24438.1     23142.0  22805, 18, 120, 15, 6, 0, 22, 140, 0, 16
      53       24440.0     22708.0  22391, 14, 136, 15, 6, 0, 24, 106, 0, 16
      54       24440.4     21367.0  21065, 14, 122, 15, 5, 0, 26, 105, 0, 15
      55       24441.4     21013.0  20718, 14, 122, 15, 5, 0, 24, 100, 0, 15
      56       24443.6     20908.0  20616, 20, 114, 18, 4, 0, 22, 100, 0, 14
      57       24444.7     20640.0  20351, 18, 114, 17, 4, 0, 24, 98, 0, 14
      58       24445.4     20634.0  20344, 18, 114, 17, 4, 0, 22, 99, 0, 16
      59       24446.2     20420.0  20133, 16, 114, 17, 4, 0, 24, 97, 0, 15
      60       24447.5     20152.0  19868, 14, 114, 16, 4, 0, 26, 95, 0, 15
      61       24448.2     20146.0  19861, 14, 114, 16, 4, 0, 24, 96, 0, 17
      62       24458.1     19980.0  19694, 12, 114, 15, 4, 0, 24, 96, 0, 21
      63       24459.2     19872.0  19589, 12, 114, 15, 4, 0, 24, 95, 0, 19
      64       24469.8     18903.0  18622, 12, 96, 15, 3, 0, 22, 113, 0, 20
      65       24473.3     18895.0  18616, 14, 96, 16, 3, 0, 20, 108, 0, 22
      66       24474.6     18309.0  18040, 12, 96, 15, 3, 0, 20, 103, 0, 20
      67       24521.0     18017.0  17753, 10, 96, 16, 3, 0, 18, 103, 0, 18
      68       24522.2     17857.0  17593, 8, 96, 15, 3, 0, 20, 102, 0, 20
      69       24523.1     17635.0  17376, 8, 96, 15, 3, 0, 18, 101, 0, 18
      70       24750.5     17635.0  17376, 8, 96, 14, 3, 0, 18, 104, 0, 16
      71       25119.2     17596.0  17338, 8, 96, 14, 4, 0, 20, 98, 0, 18
      72       25139.4     17527.0  17271, 8, 96, 15, 3, 0, 18, 100, 0, 16
      73       26548.6     17461.0  17206, 8, 96, 14, 3, 0, 20, 98, 0, 16
      74       26706.2     17431.0  17177, 8, 96, 15, 3, 0, 18, 98, 0, 16
      75       29020.1     17371.0  17119, 8, 96, 14, 3, 0, 18, 101, 0, 12
      76       30871.0     17345.0  17086, 10, 82, 16, 3, 0, 26, 111, 0, 11
      77       30942.5     17237.0  16978, 10, 82, 15, 3, 0, 22, 114, 0, 13
      78       30950.3     17093.0  16837, 10, 82, 15, 3, 0, 22, 111, 0, 13
      79       31125.3     17018.0  16763, 10, 82, 15, 4, 0, 24, 103, 0, 17
      80       31151.9     16934.0  16680, 10, 82, 15, 4, 0, 20, 106, 0, 17
      81       31325.4     16883.0  16631, 10, 82, 14, 5, 0, 22, 104, 0, 15
      82       31340.1     16874.0  16622, 10, 82, 15, 4, 0, 20, 106, 0, 15
      83       31368.5     16730.0  16481, 10, 82, 14, 4, 0, 20, 106, 0, 13
      84       33208.9     16594.0  16346, 8, 82, 15, 4, 0, 20, 105, 0, 14
      85       33235.2     16528.0  16281, 8, 82, 14, 4, 0, 22, 103, 0, 14
      86       33254.5     16414.0  16169, 8, 82, 14, 4, 0, 20, 103, 0, 14
      87       41085.6     16396.0  16154, 8, 84, 14, 4, 0, 20, 100, 0, 12
      88       68743.9     16264.0  16024, 8, 84, 15, 4, 0, 20, 93, 0, 16
      89       69432.9     16138.0  15901, 8, 84, 14, 4, 0, 18, 97, 0, 12
      90       93572.8     16114.0  15876, 8, 84, 15, 4, 0, 18, 91, 0, 18
      91      129981.8     16050.0  15810, 6, 82, 14, 4, 0, 22, 96, 0, 16
      92      130015.2     15996.0  15756, 6, 82, 14, 4, 0, 20, 96, 0, 18
      93      143477.0     15957.0  15721, 6, 84, 14, 3, 0, 22, 93, 0, 14
      94      143526.2     15882.0  15647, 6, 84, 14, 4, 0, 20, 91, 0, 16
      95      143871.8     15864.0  15629, 6, 84, 14, 4, 0, 18, 93, 0, 16

--- Solution (notes MIDI) ---
48 43 45 43 43 45 43 43 55 67 71 72 67 55 57 62 59 60 64 67 65 62 64 60 59 55 52 
