========================================
  RÉSULTATS : 4voices_1_1_1_1_vtype_2_2_3
========================================

--- Configuration ---
CF                : direct_cf_Majeur
Gamme indicative  : Majeur
Preset            : bryce
Borrow mode       : 0
Mode d'objectif   : pond (score lex pondéré)
Nombre de voix    : 4
Espèces (incl CF) : 1 0 0 0
v_type            : 2 2 3
Timeout max (ms)  : 480000
Stagnation (ms)   : 0
Cantus firmus     : 48 50 53 52 55 53 52 50 48
                    Do3 Ré3 Fa3 Mi3 Sol3 Fa3 Mi3 Ré3 Do3

--- Métriques de recherche ---
Temps total (ms)            : 480000.1
Temps 1ère solution (ms)    : 10.2
Temps dernière amélio. (ms) : 473410.0
Solutions trouvées          : 92
Améliorations de coût       : 90
Score pondéré           : 9905.0
Terminaison                 : TIMEOUT_MAX

--- Statistiques Gecode ---
Nœuds      : 3810023
Échecs     : 1904907
Restarts   : 0
Propagat.  : 3044515360
Profondeur : 73

--- Améliorations ---
    Sol#    Temps (ms)       Coût
       1          10.2     23014.0
       2          12.2     22947.0
       3          13.6     22824.0
       4          14.3     22776.0
       5          14.8     22743.0
       6          15.1     22620.0
       7          34.3     22596.0
       8          47.5     21626.0
       9          49.2     21590.0
      10          55.6     21013.0
      11          56.2     20863.0
      12          70.5     20847.0
      13          72.1     20697.0
      14          83.4     20649.0
      15          84.3     20499.0
      16          93.7     20219.0
      17          94.5     20150.0
      18          96.0     19440.0
      19          97.4     19257.0
      20         101.3     19088.0
      21         102.9     19046.0
      22         105.8     18863.0
      23         209.8     18772.0
      24         214.3     18707.0
      25         221.4     18688.0
      26         222.0     18505.0
      27         633.3     17752.0
      28         635.1     17739.0
      29         635.9     17385.0
      30         642.7     17229.0
      31         646.8     17181.0
      32         653.9     17032.0
      33         655.6     16762.0
      34         657.4     16509.0
      35         753.3     16431.0
      36         757.9     16429.0
      37         765.5     16365.0
      38         767.6     16303.0
      39         810.2     16299.0
      40         816.3     16255.0
      41         935.1     16234.0
      42         963.3     16210.0
      43        1053.8     16162.0
      44        1060.7     16120.0
      46        1081.2     15939.0
      47        1440.7     15320.0
      48        1447.4     15137.0
      49        1467.1     15110.0
      50        1554.1     15017.0
      52        1588.5     14998.0
      53        1601.7     14815.0
      54        6163.7     14554.0
      55        6164.5     14484.0
      56        6288.9     14334.0
      57        6312.1     14322.0
      58        6779.3     14169.0
      59        7225.9     14007.0
      60        7464.5     13830.0
      61        7474.0     13662.0
      62        7483.0     13620.0
      63        7488.3     13085.0
      64        7488.9     12605.0
      65        7526.3     12422.0
      66        8025.0     12263.0
      67        8026.2     12209.0
      68        8173.0     12167.0
      69        9847.1     12149.0
      70       25930.0     11934.0
      71       25948.1     11511.0
      72       25948.6     11163.0
      73       25949.0     11093.0
      74       25966.8     11077.0
      75       26001.0     10889.0
      76       26040.4     10877.0
      77       26117.4     10808.0
      78       26210.4     10658.0
      79       26211.2     10604.0
      80       26233.8     10562.0
      81       26805.6     10544.0
      82       90324.4     10538.0
      83       90490.1     10520.0
      84      363963.2     10400.0
      85      364688.8     10358.0
      86      410235.8     10268.0
      87      466069.3     10187.0
      88      466198.3     10169.0
      89      471743.4     10115.0
      90      471756.3     10041.0
      91      471757.9      9987.0
      92      473410.0      9905.0

--- Évolution du vecteur de coûts (toutes les solutions BAB) ---
    Sol#    Temps (ms)        Cost  Vecteur lex
       1          10.2     23014.0  22673, 14, 120, 14, 2, 0, 12, 170, 0, 9
       2          12.2     22947.0  22602, 12, 116, 15, 3, 0, 12, 176, 0, 11
       3          13.6     22824.0  22481, 12, 116, 15, 2, 0, 12, 175, 0, 11
       4          14.3     22776.0  22434, 12, 116, 15, 2, 0, 12, 174, 0, 11
       5          14.8     22743.0  22403, 12, 116, 15, 3, 0, 12, 173, 0, 9
       6          15.1     22620.0  22282, 12, 116, 15, 2, 0, 12, 172, 0, 9
       7          34.3     22596.0  22257, 12, 116, 15, 2, 0, 12, 169, 0, 13
       8          47.5     21626.0  21315, 16, 116, 17, 2, 0, 14, 137, 0, 9
       9          49.2     21590.0  21279, 16, 116, 17, 2, 0, 14, 135, 0, 11
      10          55.6     21013.0  20707, 20, 102, 17, 3, 0, 16, 139, 0, 9
      11          56.2     20863.0  20559, 20, 102, 17, 3, 0, 14, 137, 0, 11
      12          70.5     20847.0  20543, 18, 102, 18, 3, 0, 20, 132, 0, 11
      13          72.1     20697.0  20395, 18, 102, 18, 3, 0, 18, 130, 0, 13
      14          83.4     20649.0  20348, 18, 102, 17, 3, 0, 18, 132, 0, 11
      15          84.3     20499.0  20200, 18, 102, 17, 3, 0, 16, 130, 0, 13
      16          93.7     20219.0  19921, 16, 100, 16, 3, 0, 18, 131, 0, 14
      17          94.5     20150.0  19854, 16, 100, 16, 4, 0, 16, 131, 0, 13
      18          96.0     19440.0  19149, 18, 86, 16, 4, 0, 22, 132, 0, 13
      19          97.4     19257.0  18970, 18, 86, 16, 5, 0, 18, 132, 0, 12
      20         101.3     19088.0  18801, 16, 86, 16, 4, 0, 18, 133, 0, 14
      21         102.9     19046.0  18761, 16, 86, 16, 4, 0, 22, 128, 0, 13
      22         105.8     18863.0  18582, 16, 86, 16, 5, 0, 18, 128, 0, 12
      23         209.8     18772.0  18489, 14, 86, 15, 6, 0, 14, 134, 0, 14
      24         214.3     18707.0  18427, 16, 86, 15, 5, 0, 14, 130, 0, 14
      25         221.4     18688.0  18406, 14, 86, 15, 4, 0, 18, 130, 0, 15
      26         222.0     18505.0  18227, 14, 86, 15, 5, 0, 14, 130, 0, 14
      27         633.3     17752.0  17497, 14, 94, 15, 4, 0, 14, 101, 0, 13
      28         635.1     17739.0  17483, 12, 96, 14, 3, 0, 12, 108, 0, 11
      29         635.9     17385.0  17133, 12, 92, 15, 3, 0, 14, 103, 0, 13
      30         642.7     17229.0  16981, 12, 92, 15, 3, 0, 16, 98, 0, 12
      31         646.8     17181.0  16934, 12, 92, 15, 3, 0, 14, 100, 0, 11
      32         653.9     17032.0  16788, 8, 98, 13, 4, 0, 12, 98, 0, 11
      33         655.6     16762.0  16521, 8, 94, 14, 4, 0, 14, 96, 0, 11
      34         657.4     16509.0  16269, 6, 92, 14, 3, 0, 16, 98, 0, 11
      35         753.3     16431.0  16193, 6, 92, 14, 3, 0, 16, 97, 0, 10
      36         757.9     16429.0  16191, 8, 92, 13, 3, 0, 16, 92, 0, 14
      37         765.5     16365.0  16128, 6, 92, 13, 3, 0, 18, 95, 0, 10
      38         767.6     16303.0  16065, 8, 88, 14, 3, 0, 14, 99, 0, 12
      39         810.2     16299.0  16063, 6, 92, 14, 3, 0, 14, 96, 0, 11
      40         816.3     16255.0  16018, 8, 88, 14, 3, 0, 12, 101, 0, 11
      41         935.1     16234.0  15998, 8, 88, 14, 4, 0, 14, 96, 0, 12
      42         963.3     16210.0  15973, 8, 88, 14, 4, 0, 12, 96, 0, 15
      43        1053.8     16162.0  15929, 8, 88, 15, 4, 0, 16, 91, 0, 11
      44        1060.7     16120.0  15886, 8, 88, 14, 4, 0, 14, 93, 0, 13
      45        1071.1     16122.0  15885, 6, 88, 14, 4, 0, 14, 96, 0, 15
      46        1081.2     15939.0  15706, 6, 88, 14, 3, 0, 14, 95, 0, 13
      47        1440.7     15320.0  15091, 10, 72, 15, 4, 0, 20, 93, 0, 15
      48        1447.4     15137.0  14912, 10, 72, 15, 5, 0, 16, 93, 0, 14
      49        1467.1     15110.0  14885, 10, 72, 14, 6, 0, 16, 92, 0, 15
      50        1554.1     15017.0  14793, 10, 72, 14, 5, 0, 16, 91, 0, 16
      51        1570.2     15019.0  14792, 8, 72, 14, 5, 0, 16, 94, 0, 18
      52        1588.5     14998.0  14772, 8, 72, 14, 4, 0, 20, 91, 0, 17
      53        1601.7     14815.0  14593, 8, 72, 14, 5, 0, 16, 91, 0, 16
      54        6163.7     14554.0  14333, 14, 60, 13, 6, 0, 20, 91, 0, 17
      55        6164.5     14484.0  14266, 12, 64, 12, 6, 0, 20, 89, 0, 15
      56        6288.9     14334.0  14121, 12, 64, 13, 6, 0, 16, 92, 0, 10
      57        6312.1     14322.0  14107, 12, 64, 12, 6, 0, 16, 91, 0, 14
      58        6779.3     14169.0  13954, 12, 60, 13, 5, 0, 20, 90, 0, 15
      59        7225.9     14007.0  13795, 12, 60, 13, 5, 0, 16, 92, 0, 14
      60        7464.5     13830.0  13626, 12, 64, 12, 8, 0, 16, 77, 0, 15
      61        7474.0     13662.0  13459, 6, 70, 13, 6, 0, 16, 74, 0, 18
      62        7483.0     13620.0  13419, 6, 72, 13, 6, 0, 16, 68, 0, 20
      63        7488.3     13085.0  12890, 10, 62, 12, 7, 0, 14, 71, 0, 19
      64        7488.9     12605.0  12417, 10, 58, 13, 7, 0, 14, 67, 0, 19
      65        7526.3     12422.0  12238, 10, 58, 13, 6, 0, 14, 66, 0, 17
      66        8025.0     12263.0  12087, 10, 62, 13, 5, 0, 14, 59, 0, 13
      67        8026.2     12209.0  12030, 10, 58, 14, 5, 0, 16, 59, 0, 17
      68        8173.0     12167.0  11987, 10, 58, 13, 5, 0, 14, 61, 0, 19
      69        9847.1     12149.0  11972, 10, 60, 13, 5, 0, 14, 58, 0, 17
      70       25930.0     11934.0  11758, 6, 60, 12, 6, 0, 14, 64, 0, 14
      71       25948.1     11511.0  11336, 12, 46, 12, 7, 0, 14, 65, 0, 19
      72       25948.6     11163.0  10993, 12, 42, 13, 7, 0, 14, 65, 0, 17
      73       25949.0     11093.0  10926, 10, 46, 12, 7, 0, 14, 63, 0, 15
      74       25966.8     11077.0  10911, 14, 42, 12, 7, 0, 14, 62, 0, 15
      75       26001.0     10889.0  10727, 10, 46, 12, 7, 0, 14, 60, 0, 13
      76       26040.4     10877.0  10713, 10, 46, 11, 7, 0, 14, 59, 0, 17
      77       26117.4     10808.0  10646, 10, 46, 12, 6, 0, 12, 61, 0, 15
      78       26210.4     10658.0  10501, 10, 46, 12, 6, 0, 14, 58, 0, 11
      79       26211.2     10604.0  10444, 10, 42, 13, 6, 0, 16, 58, 0, 15
      80       26233.8     10562.0  10401, 10, 42, 12, 6, 0, 14, 60, 0, 17
      81       26805.6     10544.0  10386, 10, 44, 12, 6, 0, 14, 57, 0, 15
      82       90324.4     10538.0  10376, 10, 42, 12, 6, 0, 14, 57, 0, 21
      83       90490.1     10520.0  10361, 10, 44, 12, 6, 0, 14, 54, 0, 19
      84      363963.2     10400.0  10242, 10, 40, 13, 6, 0, 14, 60, 0, 15
      85      364688.8     10358.0  10199, 10, 40, 12, 6, 0, 12, 62, 0, 17
      86      410235.8     10268.0  10112, 10, 42, 12, 6, 0, 12, 55, 0, 19
      87      466069.3     10187.0  10025, 10, 30, 13, 7, 0, 22, 62, 0, 18
      88      466198.3     10169.0  10010, 10, 32, 13, 7, 0, 22, 59, 0, 16
      89      471743.4     10115.0  9959, 10, 36, 12, 7, 0, 16, 59, 0, 16
      90      471756.3     10041.0  9891, 12, 36, 12, 7, 0, 16, 57, 0, 10
      91      471757.9      9987.0  9834, 12, 32, 13, 7, 0, 18, 57, 0, 14
      92      473410.0      9905.0  9750, 10, 32, 13, 7, 0, 18, 57, 0, 18

--- Solution (notes MIDI) ---
67 65 62 60 72 69 69 69 67 64 57 50 48 48 50 48 50 52 72 74 69 67 64 62 64 65 60 
