========================================
  RÉSULTATS : 4voices_1_1_1_4_vtype_2_2_3
========================================

--- Configuration ---
CF                : direct_cf_Majeur
Gamme indicative  : Majeur
Preset            : bryce
Borrow mode       : 0
Mode d'objectif   : pond (score lex pondéré)
Nombre de voix    : 4
Espèces (incl CF) : 1 0 0 3
v_type            : 2 2 3
Timeout max (ms)  : 480000
Stagnation (ms)   : 0
Cantus firmus     : 48 50 53 52 55 53 52 50 48
                    Do3 Ré3 Fa3 Mi3 Sol3 Fa3 Mi3 Ré3 Do3

--- Métriques de recherche ---
Temps total (ms)            : 480000.1
Temps 1ère solution (ms)    : 30.6
Temps dernière amélio. (ms) : 114209.8
Solutions trouvées          : 22
Améliorations de coût       : 22
Score pondéré           : 11396.0
Terminaison                 : TIMEOUT_MAX

--- Statistiques Gecode ---
Nœuds      : 4166522
Échecs     : 2083221
Restarts   : 0
Propagat.  : 3245717129
Profondeur : 106

--- Améliorations ---
    Sol#    Temps (ms)       Coût
       1          30.6     16933.0
       2          33.0     14495.0
       3          33.6     14096.0
       4          34.0     13820.0
       5          34.7     13733.0
       6          96.8     13046.0
       7          97.9     12994.0
       8          98.2     12718.0
       9         301.4     12557.0
      10        7624.1     12475.0
      11        7675.1     12424.0
      12        7693.9     12379.0
      13        7708.9     12125.0
      14        7716.1     12090.0
      15        8559.9     12068.0
      16       10392.1     11929.0
      17      112489.9     11905.0
      18      112490.3     11629.0
      19      112857.9     11621.0
      20      112858.3     11584.0
      21      112858.7     11468.0
      22      114209.8     11396.0

--- Évolution du vecteur de coûts (toutes les solutions BAB) ---
    Sol#    Temps (ms)        Cost  Vecteur lex
       1          30.6     16933.0  16699, 0, 10, 92, 53, 4, 5, 14, 0, 50, 0, 6
       2          33.0     14495.0  14292, 0, 10, 98, 16, 4, 5, 14, 0, 50, 0, 6
       3          33.6     14096.0  13898, 0, 10, 96, 14, 4, 4, 14, 0, 50, 0, 6
       4          34.0     13820.0  13625, 0, 10, 92, 14, 5, 4, 14, 0, 50, 0, 6
       5          34.7     13733.0  13539, 0, 10, 92, 13, 4, 5, 14, 0, 50, 0, 6
       6          96.8     13046.0  12860, 0, 10, 82, 17, 3, 4, 14, 0, 50, 0, 6
       7          97.9     12994.0  12809, 0, 10, 86, 12, 3, 4, 14, 0, 50, 0, 6
       8          98.2     12718.0  12536, 0, 10, 82, 12, 4, 4, 14, 0, 50, 0, 6
       9         301.4     12557.0  12377, 0, 12, 78, 11, 6, 3, 14, 0, 50, 0, 6
      10        7624.1     12475.0  12295, 0, 6, 78, 17, 4, 5, 16, 0, 47, 0, 7
      11        7675.1     12424.0  12245, 0, 6, 80, 15, 4, 4, 16, 0, 47, 0, 7
      12        7693.9     12379.0  12200, 0, 6, 80, 12, 4, 7, 16, 0, 47, 0, 7
      13        7708.9     12125.0  11949, 0, 6, 78, 11, 4, 7, 16, 0, 47, 0, 7
      14        7716.1     12090.0  11915, 0, 6, 78, 13, 4, 4, 16, 0, 47, 0, 7
      15        8559.9     12068.0  11893, 0, 8, 72, 16, 5, 4, 16, 0, 47, 0, 7
      16       10392.1     11929.0  11756, 0, 8, 74, 12, 6, 3, 16, 0, 47, 0, 7
      17      112489.9     11905.0  11732, 0, 6, 78, 11, 7, 1, 12, 0, 52, 0, 6
      18      112490.3     11629.0  11459, 0, 6, 74, 11, 8, 1, 12, 0, 52, 0, 6
      19      112857.9     11621.0  11451, 0, 8, 70, 12, 9, 1, 12, 0, 52, 0, 6
      20      112858.3     11584.0  11415, 0, 10, 70, 10, 9, 0, 12, 0, 52, 0, 6
      21      112858.7     11468.0  11300, 0, 8, 70, 10, 10, 0, 12, 0, 52, 0, 6
      22      114209.8     11396.0  11229, 0, 8, 70, 10, 9, 0, 12, 0, 52, 0, 6

--- Solution (notes MIDI) ---
60 65 62 60 72 69 69 71 67 55 57 50 48 48 50 48 53 52 76 76 74 74 77 77 76 76 76 76 74 74 72 72 71 72 
