========================================
  RÉSULTATS : 4voices_1_1_1_5_vtype_1_1_3
========================================

--- Configuration ---
CF                : direct_cf_Majeur
Gamme indicative  : Majeur
Preset            : bryce
Borrow mode       : 0
Mode d'objectif   : pond (score lex pondéré)
Nombre de voix    : 4
Espèces (incl CF) : 1 0 0 4
v_type            : 1 1 3
Timeout max (ms)  : 480000
Stagnation (ms)   : 0
Cantus firmus     : 48 50 53 52 55 53 52 50 48
                    Do3 Ré3 Fa3 Mi3 Sol3 Fa3 Mi3 Ré3 Do3

--- Métriques de recherche ---
Temps total (ms)            : 480000.0
Temps 1ère solution (ms)    : 390868.4
Temps dernière amélio. (ms) : 423534.9
Solutions trouvées          : 51
Améliorations de coût       : 50
Score pondéré           : 34735.0
Terminaison                 : TIMEOUT_MAX

--- Statistiques Gecode ---
Nœuds      : 3388911
Échecs     : 1694365
Restarts   : 0
Propagat.  : 2200050714
Profondeur : 141

--- Améliorations ---
    Sol#    Temps (ms)       Coût
       1      390868.4     45192.0
       2      390903.4     45156.0
       3      390904.0     45020.0
       4      390904.8     44884.0
       5      390905.1     44844.0
       6      390906.1     44788.0
       7      390906.5     44728.0
       8      390907.6     44672.0
      10      390912.0     44616.0
      11      390916.8     44560.0
      12      390917.6     44492.0
      13      390933.5     44444.0
      14      390937.5     44432.0
      15      390941.4     44376.0
      16      390989.3     44320.0
      17      390992.6     44276.0
      18      390993.1     44208.0
      19      391002.0     43890.0
      20      391002.5     43700.0
      21      391003.1     43632.0
      22      391046.4     43564.0
      23      391684.0     43428.0
      24      391687.2     43360.0
      25      392031.3     43292.0
      26      395736.3     42868.0
      27      395743.9     42744.0
      28      395752.1     42676.0
      29      395760.1     42608.0
      30      395795.1     42596.0
      31      395836.1     42540.0
      32      396080.8     42472.0
      33      420492.7     36555.0
      34      420498.3     36507.0
      35      420498.6     36439.0
      36      420500.1     36035.0
      37      420500.5     35967.0
      38      420502.0     35906.0
      39      420502.6     35770.0
      40      420503.6     35619.0
      41      420510.8     35417.0
      42      420511.3     35227.0
      43      420511.7     35091.0
      44      420512.8     34975.0
      45      420515.1     34927.0
      46      420583.4     34919.0
      47      420591.6     34911.0
      48      420592.8     34871.0
      49      420626.8     34843.0
      50      420634.9     34803.0
      51      423534.9     34735.0

--- Évolution du vecteur de coûts (toutes les solutions BAB) ---
    Sol#    Temps (ms)        Cost  Vecteur lex
       1      390868.4     45192.0  44515, 24, 4, 116, 5, 10, 241, 30, 105, 24, 0, 87, 22, 9
       2      390903.4     45156.0  44471, 16, 4, 116, 5, 10, 241, 30, 115, 24, 0, 87, 26, 11
       3      390904.0     45020.0  44339, 16, 4, 116, 5, 10, 241, 30, 115, 24, 0, 87, 22, 11
       4      390904.8     44884.0  44204, 16, 4, 116, 5, 10, 241, 30, 111, 24, 0, 87, 24, 12
       5      390905.1     44844.0  44165, 16, 4, 116, 5, 10, 241, 30, 111, 24, 0, 87, 22, 13
       6      390906.1     44788.0  44111, 16, 4, 116, 5, 10, 241, 30, 111, 24, 0, 87, 22, 11
       7      390906.5     44728.0  44051, 16, 4, 116, 5, 10, 241, 30, 109, 24, 0, 87, 22, 13
       8      390907.6     44672.0  43997, 16, 4, 116, 5, 10, 241, 30, 109, 24, 0, 87, 22, 11
       9      390911.3     44672.0  43994, 16, 4, 116, 5, 10, 241, 30, 105, 24, 0, 87, 28, 12
      10      390912.0     44616.0  43940, 16, 4, 116, 5, 10, 241, 30, 105, 24, 0, 87, 28, 10
      11      390916.8     44560.0  43878, 8, 4, 116, 5, 10, 241, 30, 117, 24, 0, 87, 28, 12
      12      390917.6     44492.0  43812, 8, 4, 116, 5, 10, 241, 30, 117, 24, 0, 87, 26, 12
      13      390933.5     44444.0  43764, 8, 4, 116, 5, 10, 241, 30, 115, 24, 0, 87, 28, 12
      14      390937.5     44432.0  43752, 8, 4, 116, 5, 10, 241, 30, 115, 24, 0, 87, 26, 14
      15      390941.4     44376.0  43698, 8, 4, 116, 5, 10, 241, 30, 115, 24, 0, 87, 26, 12
      16      390989.3     44320.0  43641, 8, 4, 116, 5, 10, 241, 30, 111, 24, 0, 87, 32, 11
      17      390992.6     44276.0  43607, 16, 4, 116, 5, 10, 241, 30, 101, 24, 0, 87, 24, 11
      18      390993.1     44208.0  43541, 16, 4, 116, 5, 10, 241, 30, 101, 24, 0, 87, 22, 11
      19      391002.0     43890.0  43220, 8, 6, 116, 5, 10, 241, 30, 101, 24, 0, 87, 30, 12
      20      391002.5     43700.0  43032, 8, 4, 116, 5, 10, 241, 30, 101, 24, 0, 87, 30, 12
      21      391003.1     43632.0  42966, 8, 4, 116, 5, 10, 241, 30, 101, 24, 0, 87, 28, 12
      22      391046.4     43564.0  42900, 8, 4, 116, 5, 10, 241, 30, 101, 24, 0, 87, 26, 12
      23      391684.0     43428.0  42768, 8, 4, 116, 5, 10, 241, 30, 101, 24, 0, 87, 22, 12
      24      391687.2     43360.0  42702, 8, 4, 116, 5, 10, 241, 30, 101, 24, 0, 87, 20, 12
      25      392031.3     43292.0  42636, 8, 4, 116, 5, 10, 241, 30, 101, 24, 0, 87, 18, 12
      26      395736.3     42868.0  42211, 0, 4, 116, 5, 10, 241, 30, 105, 24, 0, 87, 20, 15
      27      395743.9     42744.0  42088, 0, 4, 116, 5, 10, 241, 30, 101, 24, 0, 87, 24, 14
      28      395752.1     42676.0  42022, 0, 4, 116, 5, 10, 241, 30, 101, 24, 0, 87, 22, 14
      29      395760.1     42608.0  41956, 0, 4, 116, 5, 10, 241, 30, 101, 24, 0, 87, 20, 14
      30      395795.1     42596.0  41944, 0, 4, 116, 5, 10, 241, 30, 101, 24, 0, 87, 18, 16
      31      395836.1     42540.0  41890, 0, 4, 116, 5, 10, 241, 30, 101, 24, 0, 87, 18, 14
      32      396080.8     42472.0  41824, 0, 4, 116, 5, 10, 241, 30, 101, 24, 0, 87, 16, 14
      33      420492.7     36555.0  36011, 16, 4, 116, 5, 10, 201, 25, 25, 24, 0, 87, 18, 13
      34      420498.3     36507.0  35963, 16, 4, 116, 5, 10, 201, 25, 23, 24, 0, 87, 20, 13
      35      420498.6     36439.0  35897, 16, 4, 116, 5, 10, 201, 25, 23, 24, 0, 87, 18, 13
      36      420500.1     36035.0  35493, 8, 4, 116, 5, 10, 201, 25, 29, 24, 0, 87, 18, 15
      37      420500.5     35967.0  35427, 8, 4, 116, 5, 10, 201, 25, 29, 24, 0, 87, 16, 15
      38      420502.0     35906.0  35365, 8, 4, 116, 6, 10, 201, 25, 23, 24, 0, 87, 22, 15
      39      420502.6     35770.0  35233, 8, 4, 116, 6, 10, 201, 25, 23, 24, 0, 87, 18, 15
      40      420503.6     35619.0  35085, 8, 4, 116, 5, 10, 201, 25, 23, 24, 0, 87, 16, 15
      41      420510.8     35417.0  34878, 0, 6, 116, 5, 10, 201, 25, 25, 24, 0, 87, 24, 16
      42      420511.3     35227.0  34690, 0, 4, 116, 5, 10, 201, 25, 25, 24, 0, 87, 24, 16
      43      420511.7     35091.0  34558, 0, 4, 116, 5, 10, 201, 25, 25, 24, 0, 87, 20, 16
      44      420512.8     34975.0  34444, 0, 4, 116, 5, 10, 201, 25, 23, 24, 0, 87, 20, 16
      45      420515.1     34927.0  34396, 0, 4, 116, 5, 10, 201, 25, 21, 24, 0, 87, 22, 16
      46      420583.4     34919.0  34390, 0, 4, 116, 5, 10, 201, 25, 23, 24, 0, 87, 20, 14
      47      420591.6     34911.0  34381, 0, 4, 116, 5, 10, 201, 25, 21, 24, 0, 87, 24, 13
      48      420592.8     34871.0  34342, 0, 4, 116, 5, 10, 201, 25, 21, 24, 0, 87, 22, 14
      49      420626.8     34843.0  34315, 0, 4, 116, 5, 10, 201, 25, 21, 24, 0, 87, 22, 13
      50      420634.9     34803.0  34276, 0, 4, 116, 5, 10, 201, 25, 21, 24, 0, 87, 20, 14
      51      423534.9     34735.0  34210, 0, 4, 116, 5, 10, 201, 25, 21, 24, 0, 87, 18, 14

--- Solution (notes MIDI) ---
52 52 48 47 59 60 55 52 48 48 43 45 43 43 45 43 43 55 74 76 64 69 64 67 69 71 69 72 76 64 76 72 74 76 74 72 69 69 69 76 77 71 74 76 77 72 69 76 71 74 64 
