========================================
  RÉSULTATS : 4voices_1_1_1_1_vtype_1_2_1
========================================

--- Configuration ---
CF                : direct_cf_Majeur
Gamme indicative  : Majeur
Preset            : bryce
Borrow mode       : 0
Mode d'objectif   : pond (score lex pondéré)
Nombre de voix    : 4
Espèces (incl CF) : 1 0 0 0
v_type            : 1 2 1
Timeout max (ms)  : 480000
Stagnation (ms)   : 0
Cantus firmus     : 48 50 53 52 55 53 52 50 48
                    Do3 Ré3 Fa3 Mi3 Sol3 Fa3 Mi3 Ré3 Do3

--- Métriques de recherche ---
Temps total (ms)            : 480000.1
Temps 1ère solution (ms)    : 28.3
Temps dernière amélio. (ms) : 52890.3
Solutions trouvées          : 91
Améliorations de coût       : 90
Score pondéré           : 11637.0
Terminaison                 : TIMEOUT_MAX

--- Statistiques Gecode ---
Nœuds      : 3643950
Échecs     : 1821869
Restarts   : 0
Propagat.  : 2479097883
Profondeur : 82

--- Améliorations ---
    Sol#    Temps (ms)       Coût
       1          28.3     26006.0
       2          29.4     25121.0
       3          30.0     24190.0
       4          30.3     23305.0
       5          30.7     23297.0
       6          31.0     22705.0
       7          31.3     21820.0
       8          39.1     21788.0
       9          40.0     20945.0
      10          40.8     20938.0
      11          41.3     20863.0
      12          44.5     20446.0
      13          45.4     20371.0
      14          48.6     20013.0
      15          49.2     19973.0
      16          90.4     19359.0
      17         193.0     19035.0
      18         622.9     18987.0
      19         634.9     18945.0
      20         640.3     18833.0
      21         983.6     18811.0
      22        1122.6     18800.0
      23        1264.7     18698.0
      24        1272.6     18586.0
      25        1900.4     18511.0
      26        2121.5     18106.0
      27        2122.9     17686.0
      28        2132.9     17656.0
      29        2164.4     17434.0
      30        2166.7     17404.0
      31        2450.0     17314.0
      32        2453.2     16835.0
      34        2488.2     16805.0
      35        2537.8     16801.0
      36        2553.4     16719.0
      37        2556.5     16689.0
      38        2590.3     16579.0
      39        2594.7     16467.0
      40        2603.1     16437.0
      41        2631.5     16294.0
      42        2634.8     16148.0
      43        2640.3     16036.0
      44        2716.6     15970.0
      45        2727.9     15880.0
      46        2728.6     15718.0
      47        3006.0     15652.0
      48        3092.6     15581.0
      49        3170.3     15512.0
      50        3425.3     15508.0
      51        3551.6     15442.0
      52        3580.6     15434.0
      53        3589.6     15322.0
      54        6424.7     15199.0
      55        6710.4     15169.0
      56        6724.8     15021.0
      57        9409.5     14946.0
      58        9478.0     14886.0
      59       12372.8     14749.0
      60       12466.3     14703.0
      61       12756.3     14655.0
      62       13754.0     14577.0
      63       15149.2     14209.0
      64       15160.2     14005.0
      65       15212.0     13798.0
      66       15653.0     13786.0
      67       15721.1     13746.0
      68       15745.1     13678.0
      69       15752.6     13606.0
      70       15756.7     13380.0
      71       15840.3     13320.0
      72       16180.4     13266.0
      73       17580.9     13260.0
      74       18600.1     13242.0
      75       18613.1     13192.0
      76       20154.1     13170.0
      77       20648.3     13110.0
      78       25233.9     12820.0
      79       25234.5     12658.0
      80       25243.7     12564.0
      81       25615.9     12510.0
      82       25871.1     12492.0
      83       26236.4     12412.0
      84       26240.4     12152.0
      85       28400.8     12136.0
      86       29724.9     12058.0
      87       29736.6     11964.0
      88       30054.1     11796.0
      89       30083.1     11746.0
      90       52559.5     11739.0
      91       52890.3     11637.0

--- Évolution du vecteur de coûts (toutes les solutions BAB) ---
    Sol#    Temps (ms)        Cost  Vecteur lex
       1          28.3     26006.0  25608, 10, 134, 11, 2, 0, 14, 214, 0, 13
       2          29.4     25121.0  24751, 10, 144, 12, 1, 0, 14, 176, 0, 13
       3          30.0     24190.0  23828, 8, 134, 12, 2, 0, 16, 175, 0, 15
       4          30.3     23305.0  22971, 8, 144, 13, 1, 0, 16, 137, 0, 15
       5          30.7     23297.0  22965, 10, 144, 12, 1, 0, 14, 138, 0, 13
       6          31.0     22705.0  22361, 8, 120, 11, 3, 0, 14, 175, 0, 13
       7          31.3     21820.0  21504, 8, 130, 12, 2, 0, 14, 137, 0, 13
       8          39.1     21788.0  21469, 4, 130, 13, 2, 0, 14, 143, 0, 13
       9          40.0     20945.0  20631, 4, 116, 13, 3, 0, 14, 151, 0, 13
      10          40.8     20938.0  20628, 8, 116, 12, 4, 0, 12, 145, 0, 13
      11          41.3     20863.0  20554, 8, 116, 12, 3, 0, 12, 145, 0, 13
      12          44.5     20446.0  20147, 8, 116, 12, 4, 0, 12, 136, 0, 11
      13          45.4     20371.0  20073, 8, 116, 12, 3, 0, 12, 136, 0, 11
      14          48.6     20013.0  19721, 6, 116, 12, 3, 0, 10, 137, 0, 8
      15          49.2     19973.0  19680, 4, 116, 13, 3, 0, 12, 135, 0, 10
      16          90.4     19359.0  19069, 6, 102, 14, 3, 0, 16, 138, 0, 11
      17         193.0     19035.0  18751, 6, 102, 13, 3, 0, 16, 133, 0, 11
      18         622.9     18987.0  18701, 6, 100, 13, 3, 0, 12, 140, 0, 12
      19         634.9     18945.0  18661, 6, 100, 14, 3, 0, 12, 138, 0, 11
      20         640.3     18833.0  18548, 4, 100, 14, 3, 0, 12, 138, 0, 14
      21         983.6     18811.0  18522, 2, 100, 13, 3, 0, 12, 141, 0, 18
      22        1122.6     18800.0  18514, 4, 100, 13, 4, 0, 12, 135, 0, 18
      23        1264.7     18698.0  18416, 4, 100, 13, 4, 0, 12, 136, 0, 13
      24        1272.6     18586.0  18303, 2, 100, 13, 4, 0, 12, 136, 0, 16
      25        1900.4     18511.0  18229, 2, 100, 13, 3, 0, 12, 136, 0, 16
      26        2121.5     18106.0  17843, 8, 102, 12, 6, 0, 14, 107, 0, 14
      27        2122.9     17686.0  17425, 8, 94, 12, 6, 0, 14, 115, 0, 12
      28        2132.9     17656.0  17396, 8, 94, 12, 6, 0, 12, 118, 0, 10
      29        2164.4     17434.0  17179, 8, 94, 12, 6, 0, 14, 111, 0, 10
      30        2166.7     17404.0  17150, 8, 94, 12, 6, 0, 12, 114, 0, 8
      31        2450.0     17314.0  17064, 14, 88, 13, 6, 0, 20, 98, 0, 11
      32        2453.2     16835.0  16590, 10, 88, 13, 5, 0, 20, 98, 0, 11
      33        2484.6     16837.0  16589, 8, 88, 13, 5, 0, 14, 110, 0, 10
      34        2488.2     16805.0  16561, 10, 88, 13, 5, 0, 18, 101, 0, 9
      35        2537.8     16801.0  16550, 8, 86, 13, 5, 0, 14, 110, 0, 15
      36        2553.4     16719.0  16466, 6, 86, 13, 5, 0, 16, 107, 0, 20
      37        2556.5     16689.0  16437, 6, 86, 13, 5, 0, 14, 110, 0, 18
      38        2590.3     16579.0  16333, 8, 86, 13, 5, 0, 16, 103, 0, 15
      39        2594.7     16467.0  16220, 6, 86, 13, 5, 0, 16, 103, 0, 18
      40        2603.1     16437.0  16191, 6, 86, 13, 5, 0, 14, 106, 0, 16
      41        2631.5     16294.0  16046, 2, 86, 13, 4, 0, 10, 119, 0, 14
      42        2634.8     16148.0  15906, 4, 86, 13, 4, 0, 12, 110, 0, 13
      43        2640.3     16036.0  15793, 2, 86, 13, 4, 0, 12, 110, 0, 16
      44        2716.6     15970.0  15728, 2, 86, 13, 4, 0, 14, 105, 0, 18
      45        2727.9     15880.0  15647, 2, 92, 12, 4, 0, 14, 97, 0, 12
      46        2728.6     15718.0  15482, 2, 86, 13, 4, 0, 14, 101, 0, 16
      47        3006.0     15652.0  15417, 2, 86, 12, 4, 0, 12, 105, 0, 14
      48        3092.6     15581.0  15348, 4, 84, 12, 5, 0, 14, 98, 0, 16
      49        3170.3     15512.0  15281, 4, 84, 13, 4, 0, 14, 97, 0, 15
      50        3425.3     15508.0  15276, 2, 86, 12, 4, 0, 12, 102, 0, 14
      51        3551.6     15442.0  15208, 2, 84, 12, 4, 0, 12, 102, 0, 18
      52        3580.6     15434.0  15205, 4, 84, 12, 4, 0, 12, 102, 0, 11
      53        3589.6     15322.0  15092, 2, 84, 12, 4, 0, 12, 102, 0, 14
      54        6424.7     15199.0  14977, 2, 88, 10, 5, 0, 16, 92, 0, 9
      55        6710.4     15169.0  14948, 2, 88, 10, 5, 0, 14, 95, 0, 7
      56        6724.8     15021.0  14796, 0, 86, 10, 5, 0, 12, 98, 0, 14
      57        9409.5     14946.0  14722, 0, 86, 10, 4, 0, 12, 98, 0, 14
      58        9478.0     14886.0  14664, 0, 86, 10, 4, 0, 12, 98, 0, 12
      59       12372.8     14749.0  14548, 2, 102, 11, 3, 0, 16, 55, 0, 12
      60       12466.3     14703.0  14497, 0, 100, 12, 3, 0, 12, 62, 0, 17
      61       12756.3     14655.0  14450, 0, 100, 12, 3, 0, 12, 61, 0, 17
      62       13754.0     14577.0  14374, 0, 100, 11, 3, 0, 14, 60, 0, 15
      63       15149.2     14209.0  14002, 2, 86, 11, 5, 0, 14, 69, 0, 20
      64       15160.2     14005.0  13803, 2, 86, 11, 5, 0, 14, 66, 0, 18
      65       15212.0     13798.0  13599, 2, 86, 11, 4, 0, 12, 65, 0, 19
      66       15653.0     13786.0  13588, 2, 86, 12, 4, 0, 16, 57, 0, 21
      67       15721.1     13746.0  13547, 0, 86, 11, 4, 0, 18, 61, 0, 19
      68       15745.1     13678.0  13486, 2, 88, 11, 4, 0, 16, 57, 0, 14
      69       15752.6     13606.0  13414, 2, 86, 11, 4, 0, 18, 57, 0, 14
      70       15756.7     13380.0  13189, 0, 86, 11, 4, 0, 16, 57, 0, 17
      71       15840.3     13320.0  13131, 0, 86, 11, 4, 0, 16, 57, 0, 15
      72       16180.4     13266.0  13077, 0, 86, 11, 4, 0, 14, 57, 0, 17
      73       17580.9     13260.0  13070, 0, 84, 11, 4, 0, 14, 62, 0, 15
      74       18600.1     13242.0  13052, 0, 86, 10, 4, 0, 14, 57, 0, 19
      75       18613.1     13192.0  13009, 2, 88, 10, 4, 0, 14, 51, 0, 14
      76       20154.1     13170.0  12983, 0, 86, 10, 4, 0, 14, 58, 0, 15
      77       20648.3     13110.0  12925, 0, 86, 10, 4, 0, 14, 58, 0, 13
      78       25233.9     12820.0  12638, 2, 78, 12, 4, 0, 18, 55, 0, 13
      79       25234.5     12658.0  12479, 2, 78, 11, 4, 0, 16, 57, 0, 11
      80       25243.7     12564.0  12381, 0, 76, 11, 4, 0, 16, 60, 0, 16
      81       25615.9     12510.0  12327, 0, 76, 11, 4, 0, 14, 60, 0, 18
      82       25871.1     12492.0  12313, 6, 70, 12, 4, 0, 16, 57, 0, 14
      83       26236.4     12412.0  12231, 2, 72, 11, 4, 0, 16, 61, 0, 15
      84       26240.4     12152.0  11979, 4, 72, 11, 4, 0, 16, 52, 0, 14
      85       28400.8     12136.0  11957, 2, 68, 12, 4, 0, 16, 60, 0, 17
      86       29724.9     12058.0  11887, 2, 72, 11, 4, 0, 18, 55, 0, 9
      87       29736.6     11964.0  11789, 0, 70, 11, 4, 0, 18, 58, 0, 14
      88       30054.1     11796.0  11623, 0, 70, 11, 4, 0, 14, 58, 0, 16
      89       30083.1     11746.0  11580, 2, 72, 11, 4, 0, 14, 52, 0, 11
      90       52559.5     11739.0  11567, 0, 68, 13, 3, 0, 14, 60, 0, 14
      91       52890.3     11637.0  11469, 0, 70, 11, 3, 0, 14, 60, 0, 10

--- Solution (notes MIDI) ---
48 43 45 47 59 60 59 55 52 55 59 60 59 62 65 64 59 55 52 55 48 43 43 45 43 43 48 
