========================================
  RÉSULTATS : 4voices_1_1_1_1_vtype_1_3_1
========================================

--- Configuration ---
CF                : direct_cf_Majeur
Gamme indicative  : Majeur
Preset            : bryce
Borrow mode       : 0
Mode d'objectif   : pond (score lex pondéré)
Nombre de voix    : 4
Espèces (incl CF) : 1 0 0 0
v_type            : 1 3 1
Timeout max (ms)  : 480000
Stagnation (ms)   : 0
Cantus firmus     : 48 50 53 52 55 53 52 50 48
                    Do3 Ré3 Fa3 Mi3 Sol3 Fa3 Mi3 Ré3 Do3

--- Métriques de recherche ---
Temps total (ms)            : 480000.2
Temps 1ère solution (ms)    : 34.0
Temps dernière amélio. (ms) : 173595.2
Solutions trouvées          : 96
Améliorations de coût       : 95
Score pondéré           : 9849.0
Terminaison                 : TIMEOUT_MAX

--- Statistiques Gecode ---
Nœuds      : 3780019
Échecs     : 1889897
Restarts   : 0
Propagat.  : 2754970902
Profondeur : 87

--- Améliorations ---
    Sol#    Temps (ms)       Coût
       1          34.0     25497.0
       2          34.7     24984.0
       3          35.3     23883.0
       4          35.6     23370.0
       5          36.0     23160.0
       6          38.0     21912.0
       7          38.6     21900.0
       8          39.4     21852.0
       9          39.6     21750.0
      10          50.3     20855.0
      11          61.2     20755.0
      12          68.2     19654.0
      13          69.3     19492.0
      14          79.0     19109.0
      15         178.3     19107.0
      16         188.1     18969.0
      17         417.5     18861.0
      18         426.2     18795.0
      19         434.9     18657.0
      20         444.5     18563.0
      21         644.2     18379.0
      22        1153.7     18126.0
      23        1157.1     18096.0
      24        1166.8     17875.0
      25        1167.7     17713.0
      26        1170.0     17629.0
      27        1180.5     17537.0
      28        1186.0     17332.0
      29        1186.9     17170.0
      30        1198.8     16825.0
      31        1199.9     15847.0
      32        1202.9     15701.0
      33        1208.7     15562.0
      34        1224.1     15474.0
      35        1226.5     15328.0
      36        1300.9     15286.0
      37        1301.8     15124.0
      38        1327.4     15030.0
      39        1508.1     14886.0
      40        5545.1     14817.0
      41        5563.6     14212.0
      42        5566.7     13888.0
      43        5584.2     13834.0
      44        5797.8     13732.0
      45        5884.2     13656.0
      46        5890.6     13516.0
      47        5894.3     13497.0
      48        5895.9     13474.0
      49        5896.2     13434.0
      50        5897.9     13110.0
      51        9747.5     13096.0
      52        9762.1     13088.0
      53        9774.8     12997.0
      54        9791.1     12976.0
      55        9814.2     12678.0
      56        9814.9     12354.0
      57       10647.6     12316.0
      58       11736.4     12152.0
      59       12204.3     12084.0
      60       12467.8     12024.0
      61       13414.0     11982.0
      62       21074.2     11826.0
      63       21131.0     11772.0
      64       21249.4     11697.0
      65       21291.0     11637.0
      66       37999.2     11609.0
      67       38007.2     11570.0
      68       38026.8     11564.0
      69       38320.0     11474.0
      70       38416.0     11457.0
      71       38416.4     11349.0
      72       39713.4     11278.0
      73       40030.0     11262.0
      74       40034.6     11194.0
      75       40070.2     11093.0
      77       40325.8     11018.0
      78       42406.0     10979.0
      79       42599.9     10900.0
      80       54441.2     10888.0
      81       54468.8     10880.0
      82       55474.0     10679.0
      83       73992.7     10653.0
      84       76318.7     10647.0
      85       76462.3     10617.0
      86       78500.0     10567.0
      87       82740.6     10516.0
      88       87169.8     10431.0
      89      133067.8     10403.0
      90      133068.7     10295.0
      91      133422.0     10250.0
      92      134872.6     10183.0
      93      152456.3     10178.0
      94      155427.9      9954.0
      95      155501.0      9886.0
      96      173595.2      9849.0

--- Évolution du vecteur de coûts (toutes les solutions BAB) ---
    Sol#    Temps (ms)        Cost  Vecteur lex
       1          34.0     25497.0  25109, 12, 130, 11, 3, 0, 14, 206, 0, 12
       2          34.7     24984.0  24620, 12, 144, 12, 2, 0, 14, 168, 0, 12
       3          35.3     23883.0  23529, 12, 130, 12, 3, 0, 16, 167, 0, 14
       4          35.6     23370.0  23040, 12, 144, 13, 2, 0, 16, 129, 0, 14
       5          36.0     23160.0  22834, 12, 144, 12, 2, 0, 14, 130, 0, 12
       6          38.0     21912.0  21600, 12, 130, 13, 2, 0, 16, 127, 0, 12
       7          38.6     21900.0  21589, 12, 130, 14, 2, 0, 16, 125, 0, 12
       8          39.4     21852.0  21542, 12, 130, 13, 2, 0, 16, 127, 0, 10
       9          39.6     21750.0  21441, 12, 130, 12, 2, 0, 14, 129, 0, 10
      10          50.3     20855.0  20555, 16, 116, 11, 3, 0, 14, 128, 0, 12
      11          61.2     20755.0  20456, 14, 116, 12, 3, 0, 14, 129, 0, 11
      12          68.2     19654.0  19365, 14, 102, 12, 4, 0, 16, 128, 0, 13
      13          69.3     19492.0  19206, 14, 102, 11, 4, 0, 14, 130, 0, 11
      14          79.0     19109.0  18826, 10, 102, 11, 3, 0, 14, 132, 0, 11
      15         178.3     19107.0  18817, 6, 100, 12, 3, 0, 16, 137, 0, 16
      16         188.1     18969.0  18680, 6, 100, 11, 3, 0, 14, 137, 0, 18
      17         417.5     18861.0  18578, 6, 102, 10, 3, 0, 14, 137, 0, 11
      18         426.2     18795.0  18516, 6, 102, 11, 3, 0, 16, 134, 0, 7
      19         434.9     18657.0  18379, 6, 102, 10, 3, 0, 14, 134, 0, 9
      20         444.5     18563.0  18281, 4, 100, 10, 3, 0, 14, 137, 0, 14
      21         644.2     18379.0  18099, 2, 100, 11, 3, 0, 12, 138, 0, 14
      22        1153.7     18126.0  17860, 6, 102, 10, 4, 0, 16, 119, 0, 9
      23        1157.1     18096.0  17831, 6, 102, 11, 4, 0, 14, 119, 0, 9
      24        1166.8     17875.0  17610, 2, 102, 12, 3, 0, 16, 119, 0, 11
      25        1167.7     17713.0  17451, 2, 102, 11, 3, 0, 14, 121, 0, 9
      26        1170.0     17629.0  17368, 2, 102, 10, 3, 0, 14, 121, 0, 9
      27        1180.5     17537.0  17267, 4, 88, 10, 5, 0, 12, 140, 0, 11
      28        1186.0     17332.0  17077, 2, 102, 12, 4, 0, 14, 106, 0, 15
      29        1186.9     17170.0  16918, 2, 102, 11, 4, 0, 12, 108, 0, 13
      30        1198.8     16825.0  16580, 2, 102, 10, 5, 0, 12, 101, 0, 13
      31        1199.9     15847.0  15610, 2, 88, 10, 5, 0, 12, 109, 0, 11
      32        1202.9     15701.0  15470, 4, 88, 10, 5, 0, 14, 100, 0, 10
      33        1208.7     15562.0  15330, 2, 88, 10, 4, 0, 14, 101, 0, 13
      34        1224.1     15474.0  15242, 0, 88, 10, 4, 0, 10, 110, 0, 10
      35        1226.5     15328.0  15102, 2, 88, 10, 4, 0, 12, 101, 0, 9
      36        1300.9     15286.0  15062, 2, 88, 11, 4, 0, 14, 96, 0, 9
      37        1301.8     15124.0  14903, 2, 88, 10, 4, 0, 12, 98, 0, 7
      38        1327.4     15030.0  14805, 0, 86, 10, 4, 0, 12, 101, 0, 12
      39        1508.1     14886.0  14664, 0, 86, 10, 4, 0, 12, 98, 0, 12
      40        5545.1     14817.0  14609, 0, 100, 11, 3, 0, 14, 65, 0, 15
      41        5563.6     14212.0  14013, 2, 92, 11, 4, 0, 16, 61, 0, 13
      42        5566.7     13888.0  13689, 2, 86, 11, 4, 0, 14, 67, 0, 15
      43        5584.2     13834.0  13635, 2, 86, 11, 4, 0, 12, 67, 0, 17
      44        5797.8     13732.0  13537, 2, 86, 12, 4, 0, 14, 62, 0, 15
      45        5884.2     13656.0  13470, 6, 88, 11, 4, 0, 14, 53, 0, 10
      46        5890.6     13516.0  13324, 2, 86, 11, 4, 0, 14, 58, 0, 17
      47        5894.3     13497.0  13312, 0, 94, 9, 5, 0, 14, 52, 0, 11
      48        5895.9     13474.0  13290, 2, 92, 9, 4, 0, 14, 54, 0, 9
      49        5896.2     13434.0  13249, 0, 92, 10, 4, 0, 16, 52, 0, 11
      50        5897.9     13110.0  12925, 0, 86, 10, 4, 0, 14, 58, 0, 13
      51        9747.5     13096.0  12903, 2, 76, 12, 4, 0, 14, 65, 0, 20
      52        9762.1     13088.0  12900, 4, 76, 12, 4, 0, 14, 65, 0, 13
      53        9774.8     12997.0  12807, 2, 76, 11, 5, 0, 12, 68, 0, 16
      54        9791.1     12976.0  12787, 2, 76, 12, 4, 0, 14, 65, 0, 16
      55        9814.2     12678.0  12499, 0, 82, 10, 4, 0, 16, 55, 0, 12
      56        9814.9     12354.0  12175, 0, 76, 10, 4, 0, 14, 61, 0, 14
      57       10647.6     12316.0  12137, 2, 72, 11, 4, 0, 16, 59, 0, 15
      58       11736.4     12152.0  11979, 4, 72, 11, 4, 0, 16, 52, 0, 14
      59       12204.3     12084.0  11908, 0, 72, 11, 4, 0, 16, 59, 0, 14
      60       12467.8     12024.0  11850, 0, 72, 11, 4, 0, 16, 59, 0, 12
      61       13414.0     11982.0  11807, 0, 72, 11, 4, 0, 14, 58, 0, 16
      62       21074.2     11826.0  11655, 0, 70, 11, 4, 0, 16, 60, 0, 10
      63       21131.0     11772.0  11601, 0, 70, 11, 4, 0, 14, 60, 0, 12
      64       21249.4     11697.0  11527, 0, 70, 11, 3, 0, 14, 60, 0, 12
      65       21291.0     11637.0  11469, 0, 70, 11, 3, 0, 14, 60, 0, 10
      66       37999.2     11609.0  11452, 4, 72, 13, 3, 0, 26, 30, 0, 9
      67       38007.2     11570.0  11414, 4, 72, 13, 4, 0, 24, 30, 0, 9
      68       38026.8     11564.0  11407, 4, 72, 13, 4, 0, 22, 31, 0, 11
      69       38320.0     11474.0  11323, 4, 76, 12, 4, 0, 24, 22, 0, 9
      70       38416.0     11457.0  11305, 6, 72, 12, 3, 0, 26, 25, 0, 8
      71       38416.4     11349.0  11200, 6, 72, 13, 3, 0, 26, 21, 0, 8
      72       39713.4     11278.0  11124, 2, 72, 12, 4, 0, 20, 34, 0, 10
      73       40030.0     11262.0  11108, 0, 76, 12, 4, 0, 22, 24, 0, 16
      74       40034.6     11194.0  11041, 2, 72, 13, 4, 0, 22, 25, 0, 15
      75       40070.2     11093.0  10946, 4, 72, 12, 3, 0, 22, 27, 0, 7
      76       40074.8     11095.0  10945, 2, 72, 13, 3, 0, 22, 27, 0, 11
      77       40325.8     11018.0  10872, 4, 72, 12, 4, 0, 20, 25, 0, 9
      78       42406.0     10979.0  10834, 4, 72, 13, 3, 0, 26, 15, 0, 12
      79       42599.9     10900.0  10758, 2, 76, 11, 4, 0, 24, 16, 0, 9
      80       54441.2     10888.0  10747, 2, 78, 11, 4, 0, 18, 19, 0, 9
      81       54468.8     10880.0  10741, 4, 78, 11, 4, 0, 16, 17, 0, 9
      82       55474.0     10679.0  10541, 4, 74, 13, 3, 0, 16, 18, 0, 10
      83       73992.7     10653.0  10504, 0, 70, 12, 3, 0, 14, 34, 0, 16
      84       76318.7     10647.0  10497, 0, 70, 12, 3, 0, 12, 35, 0, 18
      85       76462.3     10617.0  10468, 0, 70, 12, 3, 0, 14, 32, 0, 18
      86       78500.0     10567.0  10422, 2, 70, 12, 3, 0, 16, 25, 0, 17
      87       82740.6     10516.0  10379, 2, 76, 10, 4, 0, 16, 18, 0, 11
      88       87169.8     10431.0  10287, 0, 72, 12, 3, 0, 6, 35, 0, 16
      89      133067.8     10403.0  10270, 4, 72, 12, 3, 0, 16, 21, 0, 5
      90      133068.7     10295.0  10165, 4, 72, 13, 3, 0, 16, 17, 0, 5
      91      133422.0     10250.0  10120, 4, 72, 12, 4, 0, 16, 15, 0, 7
      92      134872.6     10183.0  10052, 2, 72, 12, 3, 0, 18, 17, 0, 7
      93      152456.3     10178.0  10045, 4, 70, 11, 4, 0, 16, 16, 0, 12
      94      155427.9      9954.0  9819, 0, 68, 12, 4, 0, 14, 23, 0, 14
      95      155501.0      9886.0  9758, 2, 70, 11, 4, 0, 16, 16, 0, 9
      96      173595.2      9849.0  9716, 0, 70, 11, 3, 0, 10, 25, 0, 14

--- Solution (notes MIDI) ---
48 43 45 47 43 48 52 55 52 55 59 60 64 62 65 64 59 55 52 55 48 43 47 45 43 43 48 
