========================================
  RÉSULTATS : 2voices_1_5_vtype_3
========================================

--- Configuration ---
CF                : 8 (Do Reference Grave)
Gamme indicative  : Majeur
Preset            : bryce
Borrow mode       : 0
Mode d'objectif   : pond (score lex pondéré)
Nombre de voix    : 2
Espèces (incl CF) : 1 4
v_type            : 3
Timeout max (ms)  : 180000
Stagnation (ms)   : 0
Cantus firmus     : 48 50 53 52 55 53 52 50 48
                    Do3 Ré3 Fa3 Mi3 Sol3 Fa3 Mi3 Ré3 Do3

--- Métriques de recherche ---
Temps total (ms)            : 180000.0
Temps 1ère solution (ms)    : 16.0
Temps dernière amélio. (ms) : 140027.6
Solutions trouvées          : 73
Améliorations de coût       : 72
Score pondéré           : 6843.0
Terminaison                 : TIMEOUT_MAX

--- Statistiques Gecode ---
Nœuds      : 5385900
Échecs     : 2692859
Restarts   : 0
Propagat.  : 985684719
Profondeur : 83

--- Améliorations ---
    Sol#    Temps (ms)       Coût
       1          16.0     14367.0
       2          18.7     13826.0
       3          20.4     13748.0
       4          27.7     13670.0
       5          74.5     13646.0
       6          78.3     13592.0
       7          79.0     13514.0
       8          87.3     13460.0
       9          92.2     13382.0
      10         141.8     13310.0
      12         226.4     13050.0
      13         232.5     13003.0
      14         233.7     12925.0
      15         233.9     12871.0
      16         234.1     12793.0
      17         283.5     12739.0
      18         283.5     12661.0
      19         381.1     12601.0
      20         451.2     12529.0
      21         519.3     12447.0
      22         520.2     12393.0
      23         521.6     12333.0
      24         580.8     12222.0
      25         581.5     12168.0
      26         958.8     12099.0
      27         959.1     12021.0
      28        5708.0     12015.0
      29        5796.5     11985.0
      30        8637.7     11952.0
      31        8638.2     11898.0
      32        8639.1     11844.0
      33       12494.3     11838.0
      34       12524.3      9882.0
      35       12524.4      9789.0
      36       12524.9      9711.0
      37       12530.8      9657.0
      38       12531.2      9579.0
      39       12574.2      9038.0
      40       12574.4      8960.0
      41       12672.2      8882.0
      42       13015.3      8674.0
      43       13015.8      8596.0
      44       13047.4      8569.0
      45       13049.8      8491.0
      46       13050.4      8413.0
      47       13099.3      8251.0
      48       13108.1      8233.0
      49       13163.4      8221.0
      50       13337.4      8143.0
      51       19027.8      7935.0
      52       19028.0      7857.0
      53       19031.4      7803.0
      54       21002.7      7764.0
      55       21003.2      7710.0
      56       21003.6      7632.0
      57       21006.2      7578.0
      58       30378.7      7347.0
      59       30378.9      7269.0
      60       30383.2      7257.0
      61       30388.4      7227.0
      62       45071.0      7173.0
      63       45071.7      7119.0
      64       45127.9      7089.0
      65       64308.5      7080.0
      66       64310.0      7068.0
      67       64385.7      7038.0
      68       77495.7      7020.0
      69       82708.7      6978.0
      70       94070.9      6963.0
      71      101962.2      6927.0
      72      101962.5      6849.0
      73      140027.6      6843.0

--- Évolution du vecteur de coûts (toutes les solutions BAB) ---
    Sol#    Temps (ms)        Cost  Vecteur lex
       1          16.0     14367.0  14160, 24, 80, 10, 0, 18, 5, 0, 10, 60
       2          18.7     13826.0  13622, 16, 80, 10, 0, 20, 6, 0, 12, 60
       3          20.4     13748.0  13546, 16, 80, 10, 0, 20, 6, 0, 10, 60
       4          27.7     13670.0  13470, 16, 80, 10, 0, 20, 6, 0, 8, 60
       5          74.5     13646.0  13454, 16, 80, 10, 0, 26, 6, 0, 8, 46
       6          78.3     13592.0  13400, 16, 80, 10, 0, 24, 6, 0, 10, 46
       7          79.0     13514.0  13324, 16, 80, 10, 0, 24, 6, 0, 8, 46
       8          87.3     13460.0  13270, 16, 80, 10, 0, 22, 6, 0, 10, 46
       9          92.2     13382.0  13194, 16, 80, 10, 0, 22, 6, 0, 8, 46
      10         141.8     13310.0  13122, 16, 80, 10, 0, 20, 6, 0, 8, 48
      11         226.1     13314.0  13097, 0, 80, 10, 0, 26, 8, 0, 8, 85
      12         226.4     13050.0  12837, 0, 80, 10, 0, 22, 8, 0, 8, 85
      13         232.5     13003.0  12815, 8, 80, 10, 0, 26, 7, 0, 10, 47
      14         233.7     12925.0  12739, 8, 80, 10, 0, 26, 7, 0, 8, 47
      15         233.9     12871.0  12685, 8, 80, 10, 0, 24, 7, 0, 10, 47
      16         234.1     12793.0  12609, 8, 80, 10, 0, 24, 7, 0, 8, 47
      17         283.5     12739.0  12555, 8, 80, 10, 0, 22, 7, 0, 10, 47
      18         283.5     12661.0  12479, 8, 80, 10, 0, 22, 7, 0, 8, 47
      19         381.1     12601.0  12421, 8, 80, 10, 0, 22, 7, 0, 8, 45
      20         451.2     12529.0  12349, 8, 80, 10, 0, 20, 7, 0, 8, 47
      21         519.3     12447.0  12264, 0, 80, 10, 0, 30, 8, 0, 9, 46
      22         520.2     12393.0  12210, 0, 80, 10, 0, 28, 8, 0, 11, 46
      23         521.6     12333.0  12149, 0, 80, 10, 0, 26, 8, 0, 9, 51
      24         580.8     12222.0  12042, 0, 80, 10, 0, 26, 8, 0, 10, 46
      25         581.5     12168.0  11988, 0, 80, 10, 0, 24, 8, 0, 12, 46
      26         958.8     12099.0  11921, 0, 80, 10, 0, 24, 8, 0, 11, 45
      27         959.1     12021.0  11845, 0, 80, 10, 0, 24, 8, 0, 9, 45
      28        5708.0     12015.0  11838, 0, 80, 10, 0, 22, 9, 0, 10, 46
      29        5796.5     11985.0  11809, 0, 80, 10, 0, 22, 9, 0, 10, 45
      30        8637.7     11952.0  11778, 0, 80, 10, 0, 24, 8, 0, 8, 44
      31        8638.2     11898.0  11724, 0, 80, 10, 0, 22, 8, 0, 10, 44
      32        8639.1     11844.0  11670, 0, 80, 10, 0, 20, 8, 0, 12, 44
      33       12494.3     11838.0  11663, 0, 80, 10, 0, 20, 8, 0, 8, 49
      34       12524.3      9882.0  9733, 24, 40, 5, 0, 20, 5, 0, 7, 48
      35       12524.4      9789.0  9641, 24, 40, 5, 0, 18, 5, 0, 8, 48
      36       12524.9      9711.0  9565, 24, 40, 5, 0, 18, 5, 0, 6, 48
      37       12530.8      9657.0  9511, 24, 40, 5, 0, 16, 5, 0, 8, 48
      38       12531.2      9579.0  9435, 24, 40, 5, 0, 16, 5, 0, 6, 48
      39       12574.2      9038.0  8897, 16, 40, 5, 0, 18, 6, 0, 8, 48
      40       12574.4      8960.0  8821, 16, 40, 5, 0, 18, 6, 0, 6, 48
      41       12672.2      8882.0  8745, 16, 40, 5, 0, 18, 6, 0, 4, 48
      42       13015.3      8674.0  8534, 8, 40, 5, 0, 24, 7, 0, 7, 49
      43       13015.8      8596.0  8458, 8, 40, 5, 0, 24, 7, 0, 5, 49
      44       13047.4      8569.0  8428, 8, 40, 5, 0, 20, 7, 0, 8, 53
      45       13049.8      8491.0  8352, 8, 40, 5, 0, 20, 7, 0, 6, 53
      46       13050.4      8413.0  8276, 8, 40, 5, 0, 20, 7, 0, 4, 53
      47       13099.3      8251.0  8120, 8, 40, 5, 0, 20, 7, 0, 6, 45
      48       13108.1      8233.0  8102, 8, 40, 5, 0, 20, 7, 0, 4, 47
      49       13163.4      8221.0  8091, 8, 40, 5, 0, 20, 7, 0, 6, 44
      50       13337.4      8143.0  8015, 8, 40, 5, 0, 20, 7, 0, 4, 44
      51       19027.8      7935.0  7804, 0, 40, 5, 0, 26, 8, 0, 7, 45
      52       19028.0      7857.0  7728, 0, 40, 5, 0, 26, 8, 0, 5, 45
      53       19031.4      7803.0  7674, 0, 40, 5, 0, 24, 8, 0, 7, 45
      54       21002.7      7764.0  7636, 0, 40, 5, 0, 24, 8, 0, 6, 45
      55       21003.2      7710.0  7582, 0, 40, 5, 0, 22, 8, 0, 8, 45
      56       21003.6      7632.0  7506, 0, 40, 5, 0, 22, 8, 0, 6, 45
      57       21006.2      7578.0  7452, 0, 40, 5, 0, 20, 8, 0, 8, 45
      58       30378.7      7347.0  7226, 0, 40, 5, 0, 18, 7, 0, 10, 41
      59       30378.9      7269.0  7150, 0, 40, 5, 0, 18, 7, 0, 8, 41
      60       30383.2      7257.0  7139, 0, 40, 5, 0, 18, 7, 0, 10, 38
      61       30388.4      7227.0  7110, 0, 40, 5, 0, 18, 7, 0, 10, 37
      62       45071.0      7173.0  7059, 0, 40, 5, 0, 20, 7, 0, 6, 36
      63       45071.7      7119.0  7005, 0, 40, 5, 0, 18, 7, 0, 8, 36
      64       45127.9      7089.0  6976, 0, 40, 5, 0, 18, 7, 0, 8, 35
      65       64308.5      7080.0  6970, 0, 40, 5, 0, 20, 8, 0, 6, 31
      66       64310.0      7068.0  6959, 0, 40, 5, 0, 20, 8, 0, 8, 28
      67       64385.7      7038.0  6930, 0, 40, 5, 0, 20, 8, 0, 8, 27
      68       77495.7      7020.0  6912, 0, 40, 5, 0, 20, 8, 0, 6, 29
      69       82708.7      6978.0  6872, 0, 40, 5, 0, 20, 8, 0, 8, 25
      70       94070.9      6963.0  6856, 0, 40, 5, 0, 20, 7, 0, 6, 29
      71      101962.2      6927.0  6820, 0, 40, 5, 0, 18, 7, 0, 10, 27
      72      101962.5      6849.0  6744, 0, 40, 5, 0, 18, 7, 0, 8, 27
      73      140027.6      6843.0  6740, 0, 40, 5, 0, 20, 7, 0, 6, 25

--- Solution (notes MIDI) ---
65 60 72 74 72 67 74 69 74 67 62 57 62 57 64 60 64 69 67 64 62 65 67 69 67 64 65 60 65 71 72 74 72 
