========================================
  RÉSULTATS : 2voices_1_5_vtype_4
========================================

--- Configuration ---
CF                : 8 (Do Reference Grave)
Gamme indicative  : Majeur
Preset            : bryce
Borrow mode       : 0
Mode d'objectif   : pond (score lex pondéré)
Nombre de voix    : 2
Espèces (incl CF) : 1 4
v_type            : 4
Timeout max (ms)  : 180000
Stagnation (ms)   : 0
Cantus firmus     : 48 50 53 52 55 53 52 50 48
                    Do3 Ré3 Fa3 Mi3 Sol3 Fa3 Mi3 Ré3 Do3

--- Métriques de recherche ---
Temps total (ms)            : 180000.9
Temps 1ère solution (ms)    : 72.4
Temps dernière amélio. (ms) : 177221.8
Solutions trouvées          : 85
Améliorations de coût       : 84
Score pondéré           : 10107.0
Terminaison                 : TIMEOUT_MAX

--- Statistiques Gecode ---
Nœuds      : 1659853
Échecs     : 829822
Restarts   : 0
Propagat.  : 423531453
Profondeur : 83

--- Améliorations ---
    Sol#    Temps (ms)       Coût
       1          72.4     31542.0
       2          72.8     31464.0
       3          74.2     31410.0
       4          75.5     31332.0
       5         103.5     30581.0
       6         104.0     30503.0
       7        1037.2     30395.0
       8        1038.9     30263.0
       9        3023.8     30221.0
      10        3025.2     30143.0
      11        3678.5     30083.0
      12        4959.9     30065.0
      13        5996.6     30035.0
      14        6023.5     29416.0
      15        6130.5     29386.0
      16       13068.6     29295.0
      17       13080.1     29217.0
      18       14344.0     29175.0
      19       14399.1     29067.0
      20       17218.5     29055.0
      21       17360.9     29013.0
      22       17381.0     28935.0
      23       17564.3     28857.0
      24       19407.1     28797.0
      25       21749.1     19152.0
      26       21749.4     15012.0
      27       21802.7     14934.0
      28       21803.3     14393.0
      29       21803.7     14315.0
      30       21804.5     14261.0
      31       21804.9     14183.0
      32       21833.8     13564.0
      33       25989.6     13486.0
      34       32532.6     13474.0
      35       32649.9     13444.0
      36       34093.6     13366.0
      38       41999.7     13239.0
      39       42005.7     13107.0
      40       42078.6     13035.0
      41       42158.0     13023.0
      42       42163.3     12945.0
      43       42199.4     12885.0
      44       42247.9     12855.0
      45       42607.9     12777.0
      46       43440.3     12717.0
      47       44193.0     12508.0
      48       44311.3     12418.0
      49       44490.9     12207.0
      50       44501.9     12129.0
      51       44588.5     12057.0
      52       44725.6     12009.0
      53       44730.5     11955.0
      54       44730.9     11877.0
      55       44929.0     11865.0
      56       44931.4     11787.0
      57       45107.8     11745.0
      58       45114.0     11667.0
      59       47561.4     11637.0
      60       48750.4     11577.0
      61       50544.4     11547.0
      62       53397.9     11469.0
      63       55861.0     11439.0
      64       66938.4     11313.0
      65       66942.9     11142.0
      66       66943.3     11010.0
      67       67135.7     10938.0
      68       67200.9     10800.0
      69       68724.4     10746.0
      70       68725.1     10668.0
      71       74265.2     10599.0
      72       76480.5     10569.0
      73       77777.8     10497.0
      74       79337.8     10467.0
      75       79450.3     10437.0
      76       81744.1     10407.0
      77       85778.8     10389.0
      78       95862.8     10368.0
      79      105830.6     10299.0
      80      107127.9     10239.0
      81      108426.3     10209.0
      82      170531.9     10197.0
      83      174283.9     10167.0
      84      174391.4     10137.0
      85      177221.8     10107.0

--- Évolution du vecteur de coûts (toutes les solutions BAB) ---
    Sol#    Temps (ms)        Cost  Vecteur lex
       1          72.4     31542.0  30755, 24, 80, 10, 0, 12, 4, 0, 12, 645
       2          72.8     31464.0  30679, 24, 80, 10, 0, 12, 4, 0, 10, 645
       3          74.2     31410.0  30625, 24, 80, 10, 0, 10, 4, 0, 12, 645
       4          75.5     31332.0  30549, 24, 80, 10, 0, 10, 4, 0, 10, 645
       5         103.5     30581.0  29805, 16, 80, 10, 0, 10, 5, 0, 10, 645
       6         104.0     30503.0  29729, 16, 80, 10, 0, 10, 5, 0, 8, 645
       7        1037.2     30395.0  29627, 16, 80, 10, 0, 12, 5, 0, 8, 637
       8        1038.9     30263.0  29497, 16, 80, 10, 0, 10, 5, 0, 8, 637
       9        3023.8     30221.0  29457, 16, 80, 10, 0, 10, 5, 0, 10, 633
      10        3025.2     30143.0  29381, 16, 80, 10, 0, 10, 5, 0, 8, 633
      11        3678.5     30083.0  29323, 16, 80, 10, 0, 10, 5, 0, 8, 631
      12        4959.9     30065.0  29305, 16, 80, 10, 0, 10, 5, 0, 6, 633
      13        5996.6     30035.0  29276, 16, 80, 10, 0, 10, 5, 0, 6, 632
      14        6023.5     29416.0  28662, 8, 80, 10, 0, 12, 6, 0, 6, 632
      15        6130.5     29386.0  28633, 8, 80, 10, 0, 12, 6, 0, 6, 631
      16       13068.6     29295.0  28530, 0, 80, 10, 0, 14, 7, 0, 8, 646
      17       13080.1     29217.0  28454, 0, 80, 10, 0, 14, 7, 0, 6, 646
      18       14344.0     29175.0  28414, 0, 80, 10, 0, 14, 7, 0, 8, 642
      19       14399.1     29067.0  28309, 0, 80, 10, 0, 14, 7, 0, 6, 641
      20       17218.5     29055.0  28298, 0, 80, 10, 0, 14, 7, 0, 8, 638
      21       17360.9     29013.0  28258, 0, 80, 10, 0, 14, 7, 0, 10, 634
      22       17381.0     28935.0  28182, 0, 80, 10, 0, 14, 7, 0, 8, 634
      23       17564.3     28857.0  28106, 0, 80, 10, 0, 14, 7, 0, 6, 634
      24       19407.1     28797.0  28048, 0, 80, 10, 0, 14, 7, 0, 6, 632
      25       21749.1     19152.0  18868, 24, 120, 15, 0, 10, 4, 0, 10, 101
      26       21749.4     15012.0  14773, 24, 80, 10, 0, 10, 4, 0, 10, 101
      27       21802.7     14934.0  14697, 24, 80, 10, 0, 10, 4, 0, 8, 101
      28       21803.3     14393.0  14159, 16, 80, 10, 0, 12, 5, 0, 10, 101
      29       21803.7     14315.0  14083, 16, 80, 10, 0, 12, 5, 0, 8, 101
      30       21804.5     14261.0  14029, 16, 80, 10, 0, 10, 5, 0, 10, 101
      31       21804.9     14183.0  13953, 16, 80, 10, 0, 10, 5, 0, 8, 101
      32       21833.8     13564.0  13339, 8, 80, 10, 0, 12, 6, 0, 8, 101
      33       25989.6     13486.0  13263, 8, 80, 10, 0, 12, 6, 0, 6, 101
      34       32532.6     13474.0  13252, 8, 80, 10, 0, 12, 6, 0, 8, 98
      35       32649.9     13444.0  13223, 8, 80, 10, 0, 12, 6, 0, 8, 97
      36       34093.6     13366.0  13147, 8, 80, 10, 0, 12, 6, 0, 6, 97
      37       41999.3     13371.0  13144, 0, 80, 10, 0, 20, 7, 0, 8, 102
      38       41999.7     13239.0  13014, 0, 80, 10, 0, 18, 7, 0, 8, 102
      39       42005.7     13107.0  12884, 0, 80, 10, 0, 16, 7, 0, 8, 102
      40       42078.6     13035.0  12812, 0, 80, 10, 0, 14, 7, 0, 8, 104
      41       42158.0     13023.0  12801, 0, 80, 10, 0, 14, 7, 0, 10, 101
      42       42163.3     12945.0  12725, 0, 80, 10, 0, 14, 7, 0, 8, 101
      43       42199.4     12885.0  12667, 0, 80, 10, 0, 14, 7, 0, 8, 99
      44       42247.9     12855.0  12638, 0, 80, 10, 0, 14, 7, 0, 8, 98
      45       42607.9     12777.0  12562, 0, 80, 10, 0, 14, 7, 0, 6, 98
      46       43440.3     12717.0  12504, 0, 80, 10, 0, 14, 7, 0, 6, 96
      47       44193.0     12508.0  12320, 8, 80, 10, 0, 14, 6, 0, 6, 64
      48       44311.3     12418.0  12233, 8, 80, 10, 0, 14, 6, 0, 6, 61
      49       44490.9     12207.0  12017, 0, 80, 10, 0, 18, 7, 0, 10, 65
      50       44501.9     12129.0  11941, 0, 80, 10, 0, 18, 7, 0, 8, 65
      51       44588.5     12057.0  11869, 0, 80, 10, 0, 16, 7, 0, 8, 67
      52       44725.6     12009.0  11825, 0, 80, 10, 0, 18, 7, 0, 8, 61
      53       44730.5     11955.0  11771, 0, 80, 10, 0, 16, 7, 0, 10, 61
      54       44730.9     11877.0  11695, 0, 80, 10, 0, 16, 7, 0, 8, 61
      55       44929.0     11865.0  11681, 0, 80, 10, 0, 14, 7, 0, 8, 65
      56       44931.4     11787.0  11605, 0, 80, 10, 0, 14, 7, 0, 6, 65
      57       45107.8     11745.0  11565, 0, 80, 10, 0, 14, 7, 0, 8, 61
      58       45114.0     11667.0  11489, 0, 80, 10, 0, 14, 7, 0, 6, 61
      59       47561.4     11637.0  11460, 0, 80, 10, 0, 14, 7, 0, 6, 60
      60       48750.4     11577.0  11402, 0, 80, 10, 0, 14, 7, 0, 6, 58
      61       50544.4     11547.0  11373, 0, 80, 10, 0, 14, 7, 0, 6, 57
      62       53397.9     11469.0  11297, 0, 80, 10, 0, 14, 7, 0, 4, 57
      63       55861.0     11439.0  11268, 0, 80, 10, 0, 14, 7, 0, 4, 56
      64       66938.4     11313.0  11160, 0, 80, 10, 0, 24, 8, 0, 7, 24
      65       66942.9     11142.0  10992, 0, 80, 10, 0, 22, 8, 0, 6, 24
      66       66943.3     11010.0  10862, 0, 80, 10, 0, 20, 8, 0, 6, 24
      67       67135.7     10938.0  10790, 0, 80, 10, 0, 18, 8, 0, 6, 26
      68       67200.9     10800.0  10656, 0, 80, 10, 0, 18, 8, 0, 4, 24
      69       68724.4     10746.0  10602, 0, 80, 10, 0, 16, 8, 0, 6, 24
      70       68725.1     10668.0  10526, 0, 80, 10, 0, 16, 8, 0, 4, 24
      71       74265.2     10599.0  10459, 0, 80, 10, 0, 16, 7, 0, 6, 21
      72       76480.5     10569.0  10430, 0, 80, 10, 0, 16, 7, 0, 6, 20
      73       77777.8     10497.0  10358, 0, 80, 10, 0, 14, 7, 0, 6, 22
      74       79337.8     10467.0  10329, 0, 80, 10, 0, 14, 7, 0, 6, 21
      75       79450.3     10437.0  10300, 0, 80, 10, 0, 14, 7, 0, 6, 20
      76       81744.1     10407.0  10271, 0, 80, 10, 0, 14, 7, 0, 6, 19
      77       85778.8     10389.0  10253, 0, 80, 10, 0, 14, 7, 0, 4, 21
      78       95862.8     10368.0  10236, 0, 80, 10, 0, 16, 8, 0, 4, 14
      79      105830.6     10299.0  10166, 0, 80, 10, 0, 14, 7, 0, 4, 18
      80      107127.9     10239.0  10108, 0, 80, 10, 0, 14, 7, 0, 4, 16
      81      108426.3     10209.0  10079, 0, 80, 10, 0, 14, 7, 0, 4, 15
      82      170531.9     10197.0  10068, 0, 80, 10, 0, 14, 7, 0, 6, 12
      83      174283.9     10167.0  10039, 0, 80, 10, 0, 14, 7, 0, 6, 11
      84      174391.4     10137.0  10010, 0, 80, 10, 0, 14, 7, 0, 6, 10
      85      177221.8     10107.0  9981, 0, 80, 10, 0, 14, 7, 0, 6, 9

--- Solution (notes MIDI) ---
72 65 67 77 67 69 65 64 65 67 69 64 69 71 67 65 67 64 71 72 74 77 76 81 76 72 74 81 74 71 72 79 72 
--- isThirdSpeciesArray (CP1) ---
{0, 0, 0, 0, 0, 1, 1, 1, 1, 1, 0, 0, 0, 0, 1, 1, 1, 1, 1, 1, 1, 1, 0, 0, 0, 1, 0, 0, 0, 0, 0, 0, 0}
