========================================
  RÉSULTATS : 3voices_1_1_3_vtype_1_3
========================================

--- Configuration ---
CF                : 8 (Do Reference Grave)
Gamme indicative  : Majeur
Preset            : bryce
Borrow mode       : 0
Mode d'objectif   : pond (score lex pondéré)
Nombre de voix    : 3
Espèces (incl CF) : 1 0 2
v_type            : 1 3
Timeout max (ms)  : 180000
Stagnation (ms)   : 0
Cantus firmus     : 48 50 53 52 55 53 52 50 48
                    Do3 Ré3 Fa3 Mi3 Sol3 Fa3 Mi3 Ré3 Do3

--- Métriques de recherche ---
Temps total (ms)            : 180000.1
Temps 1ère solution (ms)    : 15.8
Temps dernière amélio. (ms) : 169205.8
Solutions trouvées          : 98
Améliorations de coût       : 91
Score pondéré           : 6277.0
Terminaison                 : TIMEOUT_MAX

--- Statistiques Gecode ---
Nœuds      : 1359864
Échecs     : 679822
Restarts   : 0
Propagat.  : 1725311981
Profondeur : 74

--- Améliorations ---
    Sol#    Temps (ms)       Coût
       1          15.8     38057.0
       2          17.0     37055.0
       3          17.6     36506.0
       4          18.6     36293.0
       5          19.6     36185.0
       6          20.5     36063.0
       7          21.7     35875.0
       8          22.1     35707.0
       9          22.6     35534.0
      10          25.7     34536.0
      11          26.2     34225.0
      12          26.7     34209.0
      13          30.3     34175.0
      14          30.8     34018.0
      15          35.9     33929.0
      17          43.9     33737.0
      18          50.6     33375.0
      19          51.1     32932.0
      20          60.4     32871.0
      21          64.3     32836.0
      22          84.1     32761.0
      23         100.3     32673.0
      24         101.5     32516.0
      25         257.6     32508.0
      26         285.1     32503.0
      28         290.4     32468.0
      29         359.3     32361.0
      30         398.4     32230.0
      31         413.8     32224.0
      32         414.6     32189.0
      33         434.7     32169.0
      34         671.3     32149.0
      35         918.4     32060.0
      37         999.4     31903.0
      38        1217.0     31867.0
      39        1219.1     31703.0
      40        1860.3     31621.0
      41        8649.3     31602.0
      42        9327.4     31504.0
      43       11977.5     31471.0
      44       12608.8     31375.0
      45       13479.0     31301.0
      46       16612.1     31212.0
      47       18542.2     31137.0
      48       21673.0      8544.0
      49       21675.3      8422.0
      50       21676.9      8060.0
      51       22162.3      8010.0
      52       23502.2      7956.0
      53       23808.3      7921.0
      54       23809.0      7764.0
      56       25326.8      7752.0
      57       25511.3      7724.0
      58       26255.8      7602.0
      59       37927.2      7576.0
      60       40921.9      7494.0
      61       41643.4      7486.0
      62       50878.4      7439.0
      64       51870.1      7422.0
      65       53104.8      7406.0
      66       53157.1      7400.0
      67       53774.1      7324.0
      68       55084.2      7309.0
      70       55260.3      7295.0
      71       55341.7      7262.0
      72       55342.5      7227.0
      73       55349.4      7194.0
      74       55361.9      7147.0
      75       55362.2      7112.0
      76       55676.5      7105.0
      77       56802.6      7096.0
      78       57210.8      7088.0
      79       57233.3      6974.0
      81       66269.1      6942.0
      82       66450.5      6928.0
      83       66966.5      6881.0
      84       67221.0      6862.0
      85       68047.4      6846.0
      86       68329.9      6840.0
      87       68859.9      6764.0
      88       72126.0      6693.0
      89       72141.8      6603.0
      90       72166.6      6489.0
      91       73869.3      6481.0
      92       79272.2      6455.0
      93       83995.0      6388.0
      94      113300.7      6352.0
      95      142452.2      6315.0
      96      146798.2      6297.0
      97      146895.0      6283.0
      98      169205.8      6277.0

--- Évolution du vecteur de coûts (toutes les solutions BAB) ---
    Sol#    Temps (ms)        Cost  Vecteur lex
       1          15.8     38057.0  37202, 2, 16, 16, 17, 5, 0, 24, 0, 0, 769, 2, 4
       2          17.0     37055.0  36232, 4, 18, 16, 17, 7, 0, 26, 0, 0, 727, 2, 6
       3          17.6     36506.0  35690, 2, 16, 16, 17, 6, 0, 26, 0, 0, 725, 2, 6
       4          18.6     36293.0  35482, 2, 16, 16, 17, 5, 0, 26, 0, 0, 723, 2, 4
       5          19.6     36185.0  35376, 2, 16, 16, 17, 5, 0, 26, 0, 0, 719, 2, 6
       6          20.5     36063.0  35256, 2, 16, 16, 17, 5, 0, 24, 0, 0, 719, 2, 6
       7          21.7     35875.0  35070, 0, 16, 16, 16, 6, 0, 24, 0, 0, 720, 3, 4
       8          22.1     35707.0  34902, 0, 14, 16, 16, 5, 0, 24, 0, 0, 721, 3, 6
       9          22.6     35534.0  34734, 0, 14, 16, 16, 5, 0, 24, 0, 0, 719, 2, 4
      10          25.7     34536.0  33764, 0, 16, 16, 16, 5, 0, 28, 0, 0, 681, 4, 6
      11          26.2     34225.0  33456, 0, 14, 16, 15, 5, 0, 26, 0, 0, 683, 4, 6
      12          26.7     34209.0  33442, 0, 14, 16, 15, 5, 0, 28, 0, 0, 681, 4, 4
      13          30.3     34175.0  33408, 0, 14, 16, 15, 5, 0, 26, 0, 0, 684, 3, 4
      14          30.8     34018.0  33254, 0, 14, 16, 16, 4, 0, 24, 0, 0, 683, 3, 4
      15          35.9     33929.0  33168, 0, 14, 16, 16, 4, 0, 26, 0, 0, 677, 4, 4
      16          37.8     33929.0  33168, 0, 14, 16, 15, 5, 0, 26, 0, 0, 678, 3, 4
      17          43.9     33737.0  32980, 0, 14, 16, 16, 4, 0, 24, 0, 0, 677, 2, 4
      18          50.6     33375.0  32620, 0, 16, 8, 16, 4, 0, 26, 0, 0, 675, 2, 8
      19          51.1     32932.0  32184, 0, 14, 8, 16, 3, 0, 24, 0, 0, 675, 2, 6
      20          60.4     32871.0  32126, 0, 14, 8, 15, 5, 0, 26, 0, 0, 668, 3, 6
      21          64.3     32836.0  32092, 0, 14, 8, 16, 4, 0, 26, 0, 0, 667, 3, 6
      22          84.1     32761.0  32018, 0, 14, 8, 16, 3, 0, 26, 0, 0, 667, 3, 6
      23         100.3     32673.0  31932, 0, 14, 8, 14, 5, 0, 26, 0, 0, 666, 2, 6
      24         101.5     32516.0  31778, 0, 14, 8, 15, 4, 0, 24, 0, 0, 665, 2, 6
      25         257.6     32508.0  31772, 0, 14, 8, 16, 3, 0, 28, 0, 0, 657, 4, 6
      26         285.1     32503.0  31766, 0, 14, 8, 16, 4, 0, 24, 0, 0, 661, 4, 6
      27         285.4     32503.0  31766, 0, 14, 8, 15, 5, 0, 24, 0, 0, 662, 3, 6
      28         290.4     32468.0  31732, 0, 14, 8, 16, 4, 0, 24, 0, 0, 661, 3, 6
      29         359.3     32361.0  31626, 0, 14, 8, 15, 4, 0, 24, 0, 0, 659, 3, 8
      30         398.4     32230.0  31498, 0, 14, 8, 15, 3, 0, 24, 0, 0, 659, 3, 6
      31         413.8     32224.0  31492, 0, 14, 8, 13, 5, 0, 24, 0, 0, 660, 2, 6
      32         414.6     32189.0  31458, 0, 14, 8, 14, 4, 0, 24, 0, 0, 659, 2, 6
      33         434.7     32169.0  31438, 0, 14, 8, 15, 3, 0, 24, 0, 0, 657, 2, 8
      34         671.3     32149.0  31418, 0, 14, 8, 14, 4, 0, 22, 0, 0, 661, 2, 6
      35         918.4     32060.0  31332, 0, 14, 8, 14, 5, 0, 22, 0, 0, 657, 2, 6
      36         998.4     32060.0  31332, 0, 14, 8, 13, 5, 0, 24, 0, 0, 656, 2, 6
      37         999.4     31903.0  31178, 0, 14, 8, 14, 4, 0, 22, 0, 0, 655, 2, 6
      38        1217.0     31867.0  31144, 0, 14, 8, 15, 3, 0, 24, 0, 0, 651, 2, 6
      39        1219.1     31703.0  30984, 0, 14, 8, 15, 3, 0, 24, 0, 0, 647, 2, 6
      40        1860.3     31621.0  30904, 0, 14, 8, 15, 3, 0, 24, 0, 0, 645, 2, 6
      41        8649.3     31602.0  30884, 0, 14, 8, 15, 3, 0, 22, 0, 0, 647, 1, 8
      42        9327.4     31504.0  30790, 0, 14, 8, 15, 3, 0, 24, 0, 0, 643, 1, 6
      43       11977.5     31471.0  30756, 0, 14, 8, 15, 3, 0, 20, 0, 0, 649, 0, 6
      44       12608.8     31375.0  30664, 0, 14, 8, 13, 5, 0, 24, 0, 0, 641, 0, 6
      45       13479.0     31301.0  30590, 0, 14, 8, 14, 4, 0, 20, 0, 0, 645, 0, 6
      46       16612.1     31212.0  30504, 0, 14, 8, 14, 4, 0, 22, 0, 0, 639, 1, 6
      47       18542.2     31137.0  30430, 0, 14, 8, 14, 4, 0, 20, 0, 0, 641, 0, 6
      48       21673.0      8544.0  8394, 0, 16, 8, 13, 6, 0, 28, 0, 0, 69, 0, 10
      49       21675.3      8422.0  8274, 0, 16, 8, 13, 6, 0, 26, 0, 0, 69, 0, 10
      50       21676.9      8060.0  7918, 0, 14, 8, 13, 5, 0, 26, 0, 0, 68, 0, 8
      51       22162.3      8010.0  7870, 0, 14, 8, 14, 4, 0, 26, 0, 0, 68, 0, 6
      52       23502.2      7956.0  7818, 0, 14, 8, 14, 5, 0, 26, 0, 0, 64, 1, 6
      53       23808.3      7921.0  7784, 0, 14, 8, 13, 5, 0, 28, 0, 0, 63, 0, 6
      54       23809.0      7764.0  7630, 0, 14, 8, 14, 4, 0, 26, 0, 0, 62, 0, 6
      55       25050.7      7766.0  7630, 0, 14, 8, 14, 4, 0, 22, 0, 0, 68, 0, 6
      56       25326.8      7752.0  7618, 0, 14, 8, 14, 5, 0, 24, 0, 0, 62, 1, 6
      57       25511.3      7724.0  7590, 0, 14, 8, 14, 4, 0, 24, 0, 0, 64, 0, 6
      58       26255.8      7602.0  7470, 0, 14, 8, 14, 4, 0, 22, 0, 0, 64, 0, 6
      59       37927.2      7576.0  7444, 0, 14, 8, 14, 4, 0, 22, 0, 0, 62, 0, 8
      60       40921.9      7494.0  7364, 0, 14, 8, 14, 4, 0, 22, 0, 0, 60, 0, 8
      61       41643.4      7486.0  7356, 0, 14, 8, 15, 3, 0, 20, 0, 0, 64, 0, 6
      62       50878.4      7439.0  7302, 0, 14, 0, 14, 4, 0, 24, 0, 0, 72, 1, 8
      63       51704.1      7441.0  7302, 0, 14, 0, 14, 3, 0, 22, 0, 0, 76, 2, 8
      64       51870.1      7422.0  7282, 0, 14, 0, 14, 3, 0, 20, 0, 0, 78, 1, 10
      65       53104.8      7406.0  7268, 0, 14, 0, 14, 3, 0, 22, 0, 0, 76, 1, 8
      66       53157.1      7400.0  7262, 0, 14, 0, 13, 4, 0, 22, 0, 0, 76, 1, 8
      67       53774.1      7324.0  7188, 0, 14, 0, 14, 3, 0, 22, 0, 0, 74, 1, 8
      68       55084.2      7309.0  7176, 0, 14, 0, 13, 5, 0, 26, 0, 0, 66, 1, 8
      69       55254.1      7310.0  7176, 0, 14, 0, 12, 5, 0, 26, 0, 0, 68, 1, 8
      70       55260.3      7295.0  7162, 0, 14, 0, 13, 5, 0, 24, 0, 0, 70, 1, 6
      71       55341.7      7262.0  7130, 0, 14, 0, 12, 6, 0, 26, 0, 0, 65, 1, 8
      72       55342.5      7227.0  7096, 0, 14, 0, 13, 5, 0, 26, 0, 0, 64, 1, 8
      73       55349.4      7194.0  7062, 0, 14, 0, 13, 4, 0, 24, 0, 0, 68, 1, 8
      74       55361.9      7147.0  7016, 0, 14, 0, 12, 5, 0, 24, 0, 0, 67, 1, 8
      75       55362.2      7112.0  6982, 0, 14, 0, 13, 4, 0, 24, 0, 0, 66, 1, 8
      76       55676.5      7105.0  6976, 0, 14, 0, 13, 5, 0, 24, 0, 0, 64, 1, 8
      77       56802.6      7096.0  6968, 0, 14, 0, 13, 4, 0, 26, 0, 0, 64, 1, 6
      78       57210.8      7088.0  6960, 0, 14, 0, 14, 3, 0, 24, 0, 0, 68, 1, 4
      79       57233.3      6974.0  6848, 0, 14, 0, 13, 4, 0, 24, 0, 0, 64, 1, 6
      80       66267.3      6977.0  6848, 0, 12, 0, 13, 4, 0, 26, 0, 0, 63, 1, 10
      81       66269.1      6942.0  6814, 0, 12, 0, 14, 3, 0, 26, 0, 0, 62, 1, 10
      82       66450.5      6928.0  6800, 0, 12, 0, 14, 3, 0, 24, 0, 0, 66, 1, 8
      83       66966.5      6881.0  6754, 0, 12, 0, 14, 3, 0, 24, 0, 0, 64, 2, 8
      84       67221.0      6862.0  6734, 0, 12, 0, 14, 3, 0, 22, 0, 0, 66, 1, 10
      85       68047.4      6846.0  6720, 0, 12, 0, 14, 3, 0, 24, 0, 0, 64, 1, 8
      86       68329.9      6840.0  6714, 0, 12, 0, 13, 4, 0, 24, 0, 0, 64, 1, 8
      87       68859.9      6764.0  6640, 0, 12, 0, 14, 3, 0, 24, 0, 0, 62, 1, 8
      88       72126.0      6693.0  6574, 0, 12, 0, 13, 4, 0, 30, 0, 0, 52, 2, 6
      89       72141.8      6603.0  6486, 0, 12, 0, 14, 3, 0, 28, 0, 0, 54, 2, 4
      90       72166.6      6489.0  6374, 0, 12, 0, 13, 4, 0, 28, 0, 0, 50, 2, 6
      91       73869.3      6481.0  6366, 0, 12, 0, 14, 3, 0, 26, 0, 0, 54, 2, 4
      92       79272.2      6455.0  6340, 0, 12, 0, 14, 4, 0, 24, 0, 0, 54, 1, 6
      93       83995.0      6388.0  6274, 0, 12, 0, 13, 4, 0, 26, 0, 0, 50, 1, 8
      94      113300.7      6352.0  6240, 0, 12, 0, 14, 4, 0, 26, 0, 0, 48, 0, 8
      95      142452.2      6315.0  6206, 0, 14, 0, 14, 3, 0, 24, 0, 0, 50, 0, 4
      96      146798.2      6297.0  6188, 0, 14, 0, 13, 4, 0, 26, 0, 0, 44, 0, 8
      97      146895.0      6283.0  6174, 0, 14, 0, 13, 4, 0, 24, 0, 0, 48, 0, 6
      98      169205.8      6277.0  6166, 0, 12, 0, 14, 3, 0, 24, 0, 0, 52, 2, 4

--- Solution (notes MIDI) ---
48 43 45 43 43 45 43 43 55 57 60 62 64 59 60 62 59 60 65 67 69 64 65 67 69 67 65 64 59 60 62 64 65 67 69 71 72 71 69 67 65 64 
