========================================
  RÉSULTATS : 3voices_1_1_3_vtype_2_2
========================================

--- Configuration ---
CF                : 8 (Do Reference Grave)
Gamme indicative  : Majeur
Preset            : bryce
Borrow mode       : 0
Mode d'objectif   : pond (score lex pondéré)
Nombre de voix    : 3
Espèces (incl CF) : 1 0 2
v_type            : 2 2
Timeout max (ms)  : 180000
Stagnation (ms)   : 0
Cantus firmus     : 48 50 53 52 55 53 52 50 48
                    Do3 Ré3 Fa3 Mi3 Sol3 Fa3 Mi3 Ré3 Do3

--- Métriques de recherche ---
Temps total (ms)            : 180000.2
Temps 1ère solution (ms)    : 38.9
Temps dernière amélio. (ms) : 12974.2
Solutions trouvées          : 73
Améliorations de coût       : 73
Score pondéré           : 8066.0
Terminaison                 : TIMEOUT_MAX

--- Statistiques Gecode ---
Nœuds      : 1836805
Échecs     : 918313
Restarts   : 0
Propagat.  : 1260425786
Profondeur : 107

--- Améliorations ---
    Sol#    Temps (ms)       Coût
       1          38.9     39422.0
       2          40.3     39243.0
       3          41.1     38741.0
       4          43.1     38692.0
       5          43.4     38659.0
       6          43.7     38473.0
       7          59.1     38466.0
       8          64.5     38426.0
       9         140.8     38368.0
      10         143.9     38328.0
      11         174.5     38281.0
      12         174.7     38218.0
      13         228.2     38211.0
      14         249.3     38178.0
      15         310.8     38171.0
      16         314.3     38049.0
      17         565.4     35259.0
      18         576.4     35200.0
      19         576.7     35137.0
      20         579.4     35097.0
      21         590.6     35043.0
      22         590.8     34980.0
      23         593.1     34940.0
      24         882.7     34926.0
      25        3460.5     34887.0
      26        5799.1     15765.0
      27        5799.7     14969.0
      28        5820.1     14873.0
      29        5820.8     14382.0
      30        5822.5     14101.0
      31        5823.0     14042.0
      32        5823.8     13774.0
      33        5827.8     13734.0
      34        5863.1     13657.0
      35        5868.2     13617.0
      36        5897.6     13610.0
      37        5900.8     13488.0
      38        5990.6     13406.0
      39        6053.3     13324.0
      40        6113.6     13291.0
      41        6201.3     13277.0
      42        6509.7     13242.0
      43        6527.1     13223.0
      44        6527.2     13160.0
      45        6529.9     13120.0
      46        6570.8     10624.0
      47        6571.5     10461.0
      48        6572.1     10400.0
      49        6578.2     10248.0
      50        6590.8     10126.0
      51        6787.8     10074.0
      52        6788.1     10011.0
      53        6940.9      9997.0
      54        8100.6      9955.0
      55        9814.2      9928.0
      56        9818.6      9888.0
      57       10105.1      9874.0
      58       11711.4      9808.0
      59       11847.5      9794.0
      60       12397.3      9673.0
      61       12398.0      9171.0
      62       12398.7      8966.0
      63       12399.4      8903.0
      64       12405.5      8844.0
      65       12405.9      8781.0
      66       12438.7      8753.0
      67       12459.3      8624.0
      68       12531.9      8556.0
      69       12535.6      8516.0
      70       12748.2      8502.0
      71       12970.2      8269.0
      72       12971.2      8106.0
      73       12974.2      8066.0

--- Évolution du vecteur de coûts (toutes les solutions BAB) ---
    Sol#    Temps (ms)        Cost  Vecteur lex
       1          38.9     39422.0  38519, 0, 12, 8, 24, 6, 0, 18, 0, 0, 823, 1, 11
       2          40.3     39243.0  38345, 0, 12, 8, 24, 6, 0, 18, 0, 0, 820, 1, 9
       3          41.1     38741.0  37851, 0, 10, 8, 24, 6, 0, 16, 0, 0, 814, 1, 11
       4          43.1     38692.0  37805, 0, 12, 8, 24, 5, 0, 16, 0, 0, 810, 1, 11
       5          43.4     38659.0  37771, 0, 10, 8, 24, 6, 0, 16, 0, 0, 812, 1, 11
       6          43.7     38473.0  37591, 0, 12, 8, 23, 5, 0, 16, 0, 0, 808, 1, 9
       7          59.1     38466.0  37585, 0, 12, 8, 23, 5, 0, 18, 0, 0, 804, 2, 9
       8          64.5     38426.0  37545, 0, 12, 8, 23, 5, 0, 16, 0, 0, 806, 2, 9
       9         140.8     38368.0  37491, 0, 12, 8, 23, 5, 0, 20, 0, 0, 800, 2, 7
      10         143.9     38328.0  37451, 0, 12, 8, 23, 5, 0, 18, 0, 0, 802, 2, 7
      11         174.5     38281.0  37403, 0, 10, 8, 23, 6, 0, 18, 0, 0, 804, 0, 9
      12         174.7     38218.0  37343, 0, 12, 8, 23, 5, 0, 16, 0, 0, 804, 0, 7
      13         228.2     38211.0  37337, 0, 12, 8, 23, 5, 0, 18, 0, 0, 800, 1, 7
      14         249.3     38178.0  37303, 0, 12, 8, 23, 5, 0, 14, 0, 0, 806, 0, 7
      15         310.8     38171.0  37297, 0, 12, 8, 23, 5, 0, 16, 0, 0, 802, 1, 7
      16         314.3     38049.0  37177, 0, 12, 8, 23, 5, 0, 14, 0, 0, 802, 1, 7
      17         565.4     35259.0  34457, 0, 12, 8, 23, 5, 0, 18, 0, 0, 728, 1, 7
      18         576.4     35200.0  34397, 0, 10, 8, 23, 6, 0, 18, 0, 0, 728, 1, 9
      19         576.7     35137.0  34337, 0, 12, 8, 23, 5, 0, 16, 0, 0, 728, 1, 7
      20         579.4     35097.0  34297, 0, 12, 8, 23, 5, 0, 14, 0, 0, 730, 1, 7
      21         590.6     35043.0  34243, 0, 10, 8, 23, 6, 0, 16, 0, 0, 728, 0, 9
      22         590.8     34980.0  34183, 0, 12, 8, 23, 5, 0, 14, 0, 0, 728, 0, 7
      23         593.1     34940.0  34143, 0, 12, 8, 23, 5, 0, 12, 0, 0, 730, 0, 7
      24         882.7     34926.0  34131, 0, 12, 8, 23, 5, 0, 16, 0, 0, 722, 2, 7
      25        3460.5     34887.0  34091, 0, 12, 8, 22, 5, 0, 14, 0, 0, 726, 2, 7
      26        5799.1     15765.0  15437, 0, 10, 8, 24, 6, 0, 18, 0, 0, 252, 1, 9
      27        5799.7     14969.0  14665, 0, 12, 8, 25, 6, 0, 20, 0, 0, 223, 1, 9
      28        5820.1     14873.0  14571, 0, 12, 8, 24, 6, 0, 20, 0, 0, 224, 1, 7
      29        5820.8     14382.0  14091, 0, 12, 8, 24, 6, 0, 18, 0, 0, 215, 1, 7
      30        5822.5     14101.0  13817, 0, 12, 8, 25, 5, 0, 18, 0, 0, 208, 1, 7
      31        5823.0     14042.0  13757, 0, 10, 8, 25, 6, 0, 18, 0, 0, 208, 1, 9
      32        5823.8     13774.0  13497, 0, 12, 8, 24, 5, 0, 18, 0, 0, 202, 1, 7
      33        5827.8     13734.0  13457, 0, 12, 8, 24, 5, 0, 16, 0, 0, 204, 1, 7
      34        5863.1     13657.0  13383, 0, 12, 8, 24, 5, 0, 18, 0, 0, 200, 0, 7
      35        5868.2     13617.0  13343, 0, 12, 8, 24, 5, 0, 16, 0, 0, 202, 0, 7
      36        5897.6     13610.0  13337, 0, 12, 8, 24, 5, 0, 18, 0, 0, 198, 1, 7
      37        5900.8     13488.0  13217, 0, 12, 8, 24, 5, 0, 16, 0, 0, 198, 1, 7
      38        5990.6     13406.0  13137, 0, 12, 8, 24, 5, 0, 16, 0, 0, 196, 1, 7
      39        6053.3     13324.0  13057, 0, 12, 8, 24, 5, 0, 16, 0, 0, 194, 1, 7
      40        6113.6     13291.0  13023, 0, 12, 8, 24, 5, 0, 12, 0, 0, 200, 0, 7
      41        6201.3     13277.0  13011, 0, 12, 8, 24, 5, 0, 16, 0, 0, 192, 2, 7
      42        6509.7     13242.0  12977, 0, 12, 8, 24, 5, 0, 16, 0, 0, 192, 1, 7
      43        6527.1     13223.0  12957, 0, 10, 8, 24, 6, 0, 18, 0, 0, 190, 1, 9
      44        6527.2     13160.0  12897, 0, 12, 8, 24, 5, 0, 16, 0, 0, 190, 1, 7
      45        6529.9     13120.0  12857, 0, 12, 8, 24, 5, 0, 14, 0, 0, 192, 1, 7
      46        6570.8     10624.0  10423, 0, 10, 8, 25, 5, 0, 20, 0, 0, 124, 2, 7
      47        6571.5     10461.0  10263, 0, 10, 8, 24, 5, 0, 20, 0, 0, 122, 2, 7
      48        6572.1     10400.0  10203, 0, 10, 8, 25, 5, 0, 18, 0, 0, 121, 1, 9
      49        6578.2     10248.0  10057, 0, 12, 8, 24, 5, 0, 18, 0, 0, 116, 1, 7
      50        6590.8     10126.0  9937, 0, 12, 8, 24, 5, 0, 16, 0, 0, 116, 1, 7
      51        6787.8     10074.0  9883, 0, 10, 8, 24, 6, 0, 14, 0, 0, 120, 0, 9
      52        6788.1     10011.0  9823, 0, 12, 8, 24, 5, 0, 12, 0, 0, 120, 0, 7
      53        6940.9      9997.0  9811, 0, 12, 8, 24, 5, 0, 16, 0, 0, 112, 2, 7
      54        8100.6      9955.0  9771, 0, 12, 8, 24, 5, 0, 18, 0, 0, 108, 2, 7
      55        9814.2      9928.0  9743, 0, 12, 8, 23, 5, 0, 16, 0, 0, 114, 0, 7
      56        9818.6      9888.0  9703, 0, 12, 8, 23, 5, 0, 14, 0, 0, 116, 0, 7
      57       10105.1      9874.0  9691, 0, 12, 8, 23, 5, 0, 18, 0, 0, 108, 2, 7
      58       11711.4      9808.0  9623, 0, 12, 8, 23, 5, 0, 10, 0, 0, 120, 0, 7
      59       11847.5      9794.0  9611, 0, 12, 8, 23, 5, 0, 14, 0, 0, 112, 2, 7
      60       12397.3      9673.0  9501, 0, 12, 8, 23, 7, 0, 28, 0, 0, 82, 5, 7
      61       12398.0      9171.0  9007, 0, 10, 8, 23, 7, 0, 26, 0, 0, 76, 5, 9
      62       12398.7      8966.0  8807, 0, 10, 8, 22, 7, 0, 28, 0, 0, 70, 5, 9
      63       12399.4      8903.0  8747, 0, 12, 8, 22, 6, 0, 26, 0, 0, 70, 5, 7
      64       12405.5      8844.0  8687, 0, 10, 8, 22, 7, 0, 26, 0, 0, 70, 5, 9
      65       12405.9      8781.0  8627, 0, 12, 8, 22, 6, 0, 24, 0, 0, 70, 5, 7
      66       12438.7      8753.0  8599, 0, 12, 8, 22, 6, 0, 22, 0, 0, 74, 3, 7
      67       12459.3      8624.0  8473, 0, 12, 8, 22, 6, 0, 22, 0, 0, 70, 4, 7
      68       12531.9      8556.0  8405, 0, 12, 8, 22, 6, 0, 18, 0, 0, 76, 2, 7
      69       12535.6      8516.0  8365, 0, 12, 8, 22, 6, 0, 16, 0, 0, 78, 2, 7
      70       12748.2      8502.0  8353, 0, 12, 8, 22, 6, 0, 20, 0, 0, 70, 4, 7
      71       12970.2      8269.0  8125, 0, 12, 8, 23, 6, 0, 16, 0, 0, 70, 2, 7
      72       12971.2      8106.0  7965, 0, 12, 8, 22, 6, 0, 16, 0, 0, 68, 2, 7
      73       12974.2      8066.0  7925, 0, 12, 8, 22, 6, 0, 14, 0, 0, 70, 2, 7

--- Solution (notes MIDI) ---
60 62 69 69 64 57 57 57 52 69 67 65 64 59 57 55 53 50 57 55 53 48 50 52 50 48 52 53 55 50 52 53 50 48 60 62 64 59 57 55 53 52 
