========================================
  RÉSULTATS : 3voices_1_1_3_vtype_2_3
========================================

--- Configuration ---
CF                : 8 (Do Reference Grave)
Gamme indicative  : Majeur
Preset            : bryce
Borrow mode       : 0
Mode d'objectif   : pond (score lex pondéré)
Nombre de voix    : 3
Espèces (incl CF) : 1 0 2
v_type            : 2 3
Timeout max (ms)  : 180000
Stagnation (ms)   : 0
Cantus firmus     : 48 50 53 52 55 53 52 50 48
                    Do3 Ré3 Fa3 Mi3 Sol3 Fa3 Mi3 Ré3 Do3

--- Métriques de recherche ---
Temps total (ms)            : 180000.0
Temps 1ère solution (ms)    : 22.4
Temps dernière amélio. (ms) : 74786.7
Solutions trouvées          : 85
Améliorations de coût       : 82
Score pondéré           : 4267.0
Terminaison                 : TIMEOUT_MAX

--- Statistiques Gecode ---
Nœuds      : 1312817
Échecs     : 656313
Restarts   : 0
Propagat.  : 1633359990
Profondeur : 76

--- Améliorations ---
    Sol#    Temps (ms)       Coût
       1          22.4     10233.0
       2          23.3     10150.0
       3          24.0      9665.0
       4          24.9      9624.0
       5          31.7      8897.0
       6          32.2      8850.0
       7          36.3      8836.0
       8          40.0      8651.0
       9          55.8      8311.0
      10          56.8      8148.0
      11          58.6      8052.0
      12          60.0      7977.0
      13          70.9      7895.0
      14          77.9      7869.0
      15          78.2      7738.0
      16          79.2      7694.0
      17         116.5      7635.0
      18         117.3      7588.0
      19         155.5      7569.0
      20         156.4      7494.0
      21         169.8      7413.0
      22         170.4      7372.0
      23         219.7      7299.0
      24         247.8      7284.0
      25         410.6      7268.0
      26         425.3      7224.0
      27         628.8      7205.0
      28         653.2      7157.0
      29         721.7      7153.0
      30         796.2      7011.0
      31         797.1      6964.0
      32         804.2      6938.0
      33         804.6      6807.0
      34         806.4      6804.0
      35         806.9      6763.0
      36         825.7      6719.0
      37         830.8      6597.0
      38         839.5      6396.0
      39         902.3      6383.0
      40         903.1      6357.0
      41         903.4      6226.0
      42         905.0      6182.0
      43         915.7      6014.0
      45         956.1      5972.0
      46         972.4      5918.0
      47         974.5      5821.0
      48        1013.2      5786.0
      49        1288.1      5707.0
      50        1291.0      5665.0
      51        1480.6      5640.0
      52        1483.9      5605.0
      53        1484.4      5558.0
      54        1489.9      5514.0
      55        1651.7      5490.0
      56        1655.9      5446.0
      57        1722.8      5431.0
      58        1866.1      5430.0
      59        1866.2      5389.0
      60        1868.2      5241.0
      61        1890.4      5215.0
      62        1986.2      5189.0
      64        2070.0      5153.0
      65        4015.8      5137.0
      66        4017.3      5093.0
      68        8716.5      5068.0
      69        9466.7      5015.0
      70        9471.0      4986.0
      71        9475.6      4962.0
      72        9477.3      4814.0
      73        9523.4      4799.0
      74       10809.6      4747.0
      75       10812.4      4705.0
      76       11019.5      4684.0
      77       11057.5      4669.0
      78       12904.7      4653.0
      79       12906.2      4650.0
      80       12906.9      4609.0
      81       15514.5      4511.0
      82       56395.1      4470.0
      83       56437.0      4423.0
      84       56437.9      4382.0
      85       74786.7      4267.0

--- Évolution du vecteur de coûts (toutes les solutions BAB) ---
    Sol#    Temps (ms)        Cost  Vecteur lex
       1          22.4     10233.0  10047, 2, 6, 24, 14, 7, 0, 18, 0, 0, 105, 1, 9
       2          23.3     10150.0  9967, 2, 6, 24, 15, 7, 0, 18, 0, 0, 101, 1, 9
       3          24.0      9665.0  9493, 2, 6, 24, 15, 6, 0, 18, 0, 0, 91, 1, 9
       4          24.9      9624.0  9453, 2, 6, 24, 15, 6, 0, 18, 0, 0, 90, 1, 9
       5          31.7      8897.0  8737, 2, 8, 16, 15, 5, 0, 18, 0, 0, 88, 1, 7
       6          32.2      8850.0  8691, 2, 8, 16, 14, 6, 0, 18, 0, 0, 87, 1, 7
       7          36.3      8836.0  8677, 2, 8, 16, 15, 5, 0, 18, 0, 0, 86, 0, 9
       8          40.0      8651.0  8497, 2, 8, 16, 14, 6, 0, 18, 0, 0, 83, 0, 7
       9          55.8      8311.0  8157, 0, 10, 8, 15, 5, 0, 22, 0, 0, 83, 2, 9
      10          56.8      8148.0  7997, 0, 10, 8, 14, 5, 0, 22, 0, 0, 81, 2, 9
      11          58.6      8052.0  7903, 0, 10, 8, 14, 5, 0, 22, 0, 0, 79, 0, 11
      12          60.0      7977.0  7829, 0, 10, 8, 15, 4, 0, 20, 0, 0, 80, 0, 11
      13          70.9      7895.0  7749, 0, 10, 8, 14, 5, 0, 18, 0, 0, 83, 1, 7
      14          77.9      7869.0  7723, 0, 10, 8, 14, 6, 0, 16, 0, 0, 83, 0, 9
      15          78.2      7738.0  7595, 0, 10, 8, 14, 5, 0, 16, 0, 0, 83, 0, 7
      16          79.2      7694.0  7549, 0, 8, 8, 14, 6, 0, 16, 0, 0, 82, 0, 11
      17         116.5      7635.0  7495, 0, 10, 8, 15, 4, 0, 18, 0, 0, 76, 0, 9
      18         117.3      7588.0  7449, 0, 10, 8, 14, 5, 0, 18, 0, 0, 75, 0, 9
      19         155.5      7569.0  7431, 0, 10, 8, 12, 7, 0, 20, 0, 0, 71, 1, 9
      20         156.4      7494.0  7357, 0, 10, 8, 13, 6, 0, 18, 0, 0, 72, 1, 9
      21         169.8      7413.0  7275, 0, 8, 8, 15, 5, 0, 16, 0, 0, 75, 0, 11
      22         170.4      7372.0  7235, 0, 8, 8, 15, 5, 0, 16, 0, 0, 74, 0, 11
      23         219.7      7299.0  7163, 0, 8, 8, 13, 6, 0, 18, 0, 0, 70, 0, 13
      24         247.8      7284.0  7149, 0, 8, 8, 14, 6, 0, 16, 0, 0, 72, 0, 11
      25         410.6      7268.0  7135, 0, 10, 8, 15, 4, 0, 14, 0, 0, 73, 0, 9
      26         425.3      7224.0  7089, 0, 8, 8, 15, 5, 0, 14, 0, 0, 72, 0, 13
      27         628.8      7205.0  7077, 0, 12, 8, 14, 5, 0, 16, 0, 0, 64, 0, 9
      28         653.2      7157.0  7031, 0, 12, 8, 13, 6, 0, 18, 0, 0, 60, 0, 9
      29         721.7      7153.0  7025, 0, 12, 8, 14, 5, 0, 16, 0, 0, 60, 0, 13
      30         796.2      7011.0  6905, 2, 12, 16, 16, 4, 0, 22, 0, 0, 28, 1, 5
      31         797.1      6964.0  6859, 2, 12, 16, 15, 5, 0, 22, 0, 0, 27, 1, 5
      32         804.2      6938.0  6833, 2, 12, 16, 15, 6, 0, 20, 0, 0, 27, 0, 7
      33         804.6      6807.0  6705, 2, 12, 16, 15, 5, 0, 20, 0, 0, 27, 0, 5
      34         806.4      6804.0  6699, 2, 10, 16, 15, 6, 0, 20, 0, 0, 27, 0, 9
      35         806.9      6763.0  6659, 2, 10, 16, 15, 6, 0, 20, 0, 0, 26, 0, 9
      36         825.7      6719.0  6619, 2, 12, 16, 14, 5, 0, 22, 0, 0, 23, 1, 5
      37         830.8      6597.0  6499, 2, 12, 16, 14, 5, 0, 20, 0, 0, 23, 1, 5
      38         839.5      6396.0  6299, 2, 10, 16, 14, 6, 0, 18, 0, 0, 22, 0, 9
      39         902.3      6383.0  6277, 0, 12, 8, 15, 5, 0, 18, 0, 0, 39, 0, 9
      40         903.1      6357.0  6251, 0, 12, 8, 15, 5, 0, 18, 0, 0, 37, 0, 11
      41         903.4      6226.0  6123, 0, 12, 8, 15, 4, 0, 18, 0, 0, 37, 0, 9
      42         905.0      6182.0  6077, 0, 10, 8, 15, 5, 0, 18, 0, 0, 36, 0, 13
      43         915.7      6014.0  5917, 0, 12, 8, 14, 5, 0, 20, 0, 0, 29, 0, 9
      44         940.9      6015.0  5917, 0, 12, 8, 14, 5, 0, 18, 0, 0, 32, 0, 9
      45         956.1      5972.0  5877, 0, 12, 8, 15, 5, 0, 20, 0, 0, 26, 0, 9
      46         972.4      5918.0  5825, 0, 12, 8, 14, 6, 0, 22, 0, 0, 21, 1, 9
      47         974.5      5821.0  5731, 0, 12, 8, 13, 6, 0, 24, 0, 0, 19, 1, 7
      48        1013.2      5786.0  5697, 0, 12, 8, 13, 6, 0, 24, 0, 0, 19, 0, 7
      49        1288.1      5707.0  5617, 0, 12, 8, 14, 5, 0, 18, 0, 0, 25, 1, 7
      50        1291.0      5665.0  5577, 0, 12, 8, 14, 5, 0, 20, 0, 0, 21, 1, 7
      51        1480.6      5640.0  5551, 0, 14, 8, 13, 4, 0, 16, 0, 0, 25, 0, 9
      52        1483.9      5605.0  5517, 0, 14, 8, 14, 3, 0, 16, 0, 0, 24, 0, 9
      53        1484.4      5558.0  5471, 0, 14, 8, 13, 4, 0, 16, 0, 0, 23, 0, 9
      54        1489.9      5514.0  5425, 0, 12, 8, 13, 5, 0, 16, 0, 0, 22, 0, 13
      55        1651.7      5490.0  5403, 0, 12, 8, 13, 4, 0, 18, 0, 0, 23, 0, 9
      56        1655.9      5446.0  5357, 0, 10, 8, 13, 5, 0, 18, 0, 0, 22, 0, 13
      57        1722.8      5431.0  5343, 0, 10, 8, 14, 5, 0, 16, 0, 0, 24, 0, 11
      58        1866.1      5430.0  5341, 0, 8, 8, 15, 5, 0, 16, 0, 0, 28, 0, 9
      59        1866.2      5389.0  5301, 0, 8, 8, 14, 5, 0, 18, 0, 0, 26, 0, 9
      60        1868.2      5241.0  5155, 0, 8, 8, 14, 5, 0, 16, 0, 0, 24, 0, 11
      61        1890.4      5215.0  5129, 0, 8, 8, 14, 5, 0, 16, 0, 0, 22, 0, 13
      62        1986.2      5189.0  5109, 0, 10, 8, 12, 6, 0, 20, 0, 0, 17, 0, 7
      63        2069.3      5194.0  5109, 0, 8, 8, 13, 6, 0, 16, 0, 0, 23, 0, 11
      64        2070.0      5153.0  5069, 0, 8, 8, 13, 6, 0, 16, 0, 0, 22, 0, 11
      65        4015.8      5137.0  5055, 0, 10, 8, 14, 4, 0, 14, 0, 0, 23, 0, 9
      66        4017.3      5093.0  5009, 0, 8, 8, 14, 5, 0, 14, 0, 0, 22, 0, 13
      67        8705.8      5094.0  5001, 0, 8, 0, 14, 6, 0, 14, 0, 0, 36, 0, 15
      68        8716.5      5068.0  4975, 0, 8, 0, 14, 6, 0, 14, 0, 0, 34, 0, 17
      69        9466.7      5015.0  4927, 0, 10, 0, 13, 4, 0, 18, 0, 0, 31, 1, 11
      70        9471.0      4986.0  4899, 0, 10, 0, 14, 3, 0, 18, 0, 0, 31, 0, 11
      71        9475.6      4962.0  4873, 0, 8, 0, 13, 5, 0, 18, 0, 0, 32, 0, 13
      72        9477.3      4814.0  4727, 0, 8, 0, 13, 5, 0, 16, 0, 0, 30, 0, 15
      73        9523.4      4799.0  4713, 0, 8, 0, 14, 5, 0, 14, 0, 0, 32, 0, 13
      74       10809.6      4747.0  4667, 0, 10, 0, 12, 6, 0, 18, 0, 0, 25, 0, 9
      75       10812.4      4705.0  4627, 0, 10, 0, 12, 6, 0, 20, 0, 0, 21, 0, 9
      76       11019.5      4684.0  4601, 0, 8, 0, 12, 6, 0, 18, 0, 0, 24, 0, 15
      77       11057.5      4669.0  4587, 0, 8, 0, 13, 6, 0, 16, 0, 0, 26, 0, 13
      78       12904.7      4653.0  4573, 0, 10, 0, 14, 4, 0, 14, 0, 0, 27, 0, 11
      79       12906.2      4650.0  4567, 0, 8, 0, 14, 5, 0, 14, 0, 0, 27, 0, 15
      80       12906.9      4609.0  4527, 0, 8, 0, 14, 5, 0, 14, 0, 0, 26, 0, 15
      81       15514.5      4511.0  4433, 0, 8, 0, 14, 5, 0, 16, 0, 0, 22, 0, 13
      82       56395.1      4470.0  4393, 0, 8, 0, 15, 4, 0, 16, 0, 0, 20, 1, 13
      83       56437.0      4423.0  4347, 0, 8, 0, 14, 5, 0, 16, 0, 0, 19, 1, 13
      84       56437.9      4382.0  4307, 0, 8, 0, 14, 5, 0, 16, 0, 0, 18, 1, 13
      85       74786.7      4267.0  4195, 0, 10, 0, 12, 5, 0, 16, 0, 0, 14, 0, 15

--- Solution (notes MIDI) ---
60 53 50 48 48 50 48 53 48 69 71 72 71 69 67 65 64 65 67 69 71 72 74 76 77 76 74 72 71 69 74 72 71 69 64 65 67 69 71 72 74 76 
