========================================
  RÉSULTATS : 3voices_1_1_3_vtype_3_2
========================================

--- Configuration ---
CF                : 8 (Do Reference Grave)
Gamme indicative  : Majeur
Preset            : bryce
Borrow mode       : 0
Mode d'objectif   : pond (score lex pondéré)
Nombre de voix    : 3
Espèces (incl CF) : 1 0 2
v_type            : 3 2
Timeout max (ms)  : 180000
Stagnation (ms)   : 0
Cantus firmus     : 48 50 53 52 55 53 52 50 48
                    Do3 Ré3 Fa3 Mi3 Sol3 Fa3 Mi3 Ré3 Do3

--- Métriques de recherche ---
Temps total (ms)            : 180000.1
Temps 1ère solution (ms)    : 46.6
Temps dernière amélio. (ms) : 63857.7
Solutions trouvées          : 81
Améliorations de coût       : 81
Score pondéré           : 11117.0
Terminaison                 : TIMEOUT_MAX

--- Statistiques Gecode ---
Nœuds      : 1769819
Échecs     : 884811
Restarts   : 0
Propagat.  : 1271988483
Profondeur : 88

--- Améliorations ---
    Sol#    Temps (ms)       Coût
       1          46.6     39392.0
       2          48.8     39180.0
       3          51.0     38981.0
       4          51.8     38853.0
       5          58.7     38640.0
       6          70.7     38593.0
       7          97.1     38584.0
       8         110.6     38467.0
       9         116.9     38345.0
      10         156.2     38263.0
      11         243.9     38181.0
      12         441.3     38101.0
      13         547.6     38024.0
      14        1791.1     37977.0
      15        6654.7     37897.0
      16       26163.3     36815.0
      17       26164.1     36708.0
      18       26164.4     36529.0
      19       26165.4     36407.0
      20       26168.8     36316.0
      21       26173.1     36194.0
      22       26178.4     36084.0
      23       26190.9     36037.0
      24       26201.7     35953.0
      25       26206.9     35906.0
      26       26246.0     35883.0
      27       26257.3     35871.0
      28       26267.6     35714.0
      29       26438.4     35707.0
      30       26445.7     35672.0
      31       26451.4     35550.0
      32       26528.8     35541.0
      33       26536.9     35431.0
      34       26563.6     35344.0
      35       26570.3     35222.0
      36       27708.3     35100.0
      37       33427.2     35009.0
      38       33864.8     34887.0
      39       35048.2     34763.0
      40       40122.1     34683.0
      41       46236.5     14899.0
      42       46240.3     14808.0
      43       46244.5     14686.0
      44       46251.4     14611.0
      45       46296.6     14571.0
      46       46312.7     14559.0
      47       46322.2     14524.0
      48       46326.0     14402.0
      49       46452.5     14320.0
      50       46647.8     14106.0
      51       46648.8     13779.0
      52       46652.5     13688.0
      53       46657.2     13566.0
      54       46666.0     13491.0
      55       46695.9     13479.0
      56       46699.5     13369.0
      57       46704.9     13287.0
      58       46710.8     13282.0
      59       46723.1     13125.0
      60       47133.3     13036.0
      61       47167.8     13013.0
      62       47214.7     13006.0
      63       47221.4     12844.0
      64       47358.6     12827.0
      65       47360.0     12785.0
      66       47360.3     12438.0
      67       47361.1     12219.0
      68       47366.8     12097.0
      69       47383.9     12015.0
      70       47492.9     11968.0
      71       47497.8     11846.0
      72       47555.1     11757.0
      73       47564.6     11600.0
      74       47630.1     11478.0
      75       48272.2     11448.0
      76       48278.0     11326.0
      77       48865.0     11321.0
      78       48968.9     11244.0
      79       49127.0     11197.0
      80       53356.9     11152.0
      81       63857.7     11117.0

--- Évolution du vecteur de coûts (toutes les solutions BAB) ---
    Sol#    Temps (ms)        Cost  Vecteur lex
       1          46.6     39392.0  38490, 2, 10, 8, 27, 4, 0, 14, 0, 0, 826, 3, 8
       2          48.8     39180.0  38284, 2, 10, 8, 27, 4, 0, 16, 0, 0, 817, 4, 8
       3          51.0     38981.0  38090, 2, 10, 8, 27, 3, 0, 18, 0, 0, 811, 4, 8
       4          51.8     38853.0  37964, 2, 10, 8, 26, 4, 0, 16, 0, 0, 811, 4, 8
       5          58.7     38640.0  37758, 2, 12, 8, 26, 4, 0, 14, 0, 0, 805, 3, 8
       6          70.7     38593.0  37712, 2, 12, 8, 26, 4, 0, 14, 0, 0, 803, 4, 8
       7          97.1     38584.0  37704, 2, 12, 8, 26, 4, 0, 14, 0, 0, 805, 3, 6
       8         110.6     38467.0  37590, 2, 12, 8, 26, 4, 0, 14, 0, 0, 803, 2, 6
       9         116.9     38345.0  37470, 2, 12, 8, 26, 4, 0, 12, 0, 0, 803, 2, 6
      10         156.2     38263.0  37390, 2, 12, 8, 26, 4, 0, 12, 0, 0, 801, 2, 6
      11         243.9     38181.0  37310, 2, 12, 8, 26, 4, 0, 12, 0, 0, 799, 2, 6
      12         441.3     38101.0  37230, 2, 12, 8, 26, 4, 0, 8, 0, 0, 803, 2, 6
      13         547.6     38024.0  37156, 2, 12, 8, 26, 4, 0, 10, 0, 0, 799, 1, 6
      14        1791.1     37977.0  37110, 2, 12, 8, 26, 4, 0, 10, 0, 0, 797, 2, 6
      15        6654.7     37897.0  37030, 2, 12, 8, 26, 4, 0, 6, 0, 0, 801, 2, 6
      16       26163.3     36815.0  35982, 2, 12, 8, 27, 5, 0, 22, 0, 0, 740, 7, 10
      17       26164.1     36708.0  35874, 2, 10, 8, 26, 5, 0, 22, 0, 0, 744, 7, 10
      18       26164.4     36529.0  35700, 2, 10, 8, 26, 5, 0, 22, 0, 0, 741, 7, 8
      19       26165.4     36407.0  35580, 2, 10, 8, 26, 4, 0, 22, 0, 0, 739, 8, 8
      20       26168.8     36316.0  35494, 2, 12, 8, 26, 4, 0, 22, 0, 0, 733, 7, 8
      21       26173.1     36194.0  35374, 2, 12, 8, 26, 4, 0, 20, 0, 0, 733, 7, 8
      22       26178.4     36084.0  35266, 2, 12, 8, 26, 4, 0, 18, 0, 0, 735, 5, 8
      23       26190.9     36037.0  35220, 2, 12, 8, 26, 4, 0, 18, 0, 0, 733, 6, 8
      24       26201.7     35953.0  35138, 2, 12, 8, 26, 4, 0, 16, 0, 0, 737, 4, 6
      25       26206.9     35906.0  35092, 2, 12, 8, 26, 4, 0, 16, 0, 0, 735, 5, 6
      26       26246.0     35883.0  35070, 2, 12, 8, 26, 4, 0, 16, 0, 0, 737, 2, 6
      27       26257.3     35871.0  35058, 2, 12, 8, 26, 4, 0, 16, 0, 0, 735, 4, 6
      28       26267.6     35714.0  34904, 2, 12, 8, 26, 4, 0, 14, 0, 0, 735, 3, 6
      29       26438.4     35707.0  34898, 2, 12, 8, 26, 4, 0, 16, 0, 0, 731, 4, 6
      30       26445.7     35672.0  34864, 2, 12, 8, 26, 4, 0, 16, 0, 0, 731, 3, 6
      31       26451.4     35550.0  34744, 2, 12, 8, 26, 4, 0, 14, 0, 0, 731, 3, 6
      32       26528.8     35541.0  34738, 2, 12, 8, 26, 4, 0, 20, 0, 0, 721, 4, 6
      33       26536.9     35431.0  34630, 2, 12, 8, 26, 4, 0, 18, 0, 0, 723, 2, 6
      34       26563.6     35344.0  34544, 2, 12, 8, 26, 4, 0, 16, 0, 0, 723, 3, 6
      35       26570.3     35222.0  34424, 2, 12, 8, 26, 4, 0, 14, 0, 0, 723, 3, 6
      36       27708.3     35100.0  34304, 2, 12, 8, 26, 4, 0, 12, 0, 0, 723, 3, 6
      37       33427.2     35009.0  34216, 2, 12, 8, 26, 4, 0, 12, 0, 0, 723, 2, 4
      38       33864.8     34887.0  34096, 2, 12, 8, 26, 4, 0, 10, 0, 0, 723, 2, 4
      39       35048.2     34763.0  33976, 2, 12, 8, 26, 4, 0, 12, 0, 0, 717, 2, 4
      40       40122.1     34683.0  33896, 2, 12, 8, 26, 4, 0, 8, 0, 0, 721, 2, 4
      41       46236.5     14899.0  14596, 2, 10, 8, 25, 5, 0, 18, 0, 0, 227, 2, 6
      42       46240.3     14808.0  14510, 2, 12, 8, 25, 5, 0, 18, 0, 0, 221, 1, 6
      43       46244.5     14686.0  14390, 2, 12, 8, 25, 5, 0, 16, 0, 0, 221, 1, 6
      44       46251.4     14611.0  14316, 2, 12, 8, 25, 5, 0, 14, 0, 0, 223, 0, 6
      45       46296.6     14571.0  14276, 2, 12, 8, 25, 5, 0, 12, 0, 0, 225, 0, 6
      46       46312.7     14559.0  14264, 2, 12, 8, 25, 5, 0, 12, 0, 0, 223, 2, 6
      47       46322.2     14524.0  14230, 2, 12, 8, 25, 5, 0, 12, 0, 0, 223, 1, 6
      48       46326.0     14402.0  14110, 2, 12, 8, 25, 5, 0, 10, 0, 0, 223, 1, 6
      49       46452.5     14320.0  14030, 2, 12, 8, 25, 5, 0, 10, 0, 0, 221, 1, 6
      50       46647.8     14106.0  13824, 2, 10, 8, 26, 5, 0, 20, 0, 0, 201, 4, 6
      51       46648.8     13779.0  13504, 2, 10, 8, 25, 5, 0, 20, 0, 0, 195, 4, 6
      52       46652.5     13688.0  13418, 2, 12, 8, 25, 5, 0, 20, 0, 0, 189, 3, 6
      53       46657.2     13566.0  13298, 2, 12, 8, 25, 5, 0, 18, 0, 0, 189, 3, 6
      54       46666.0     13491.0  13224, 2, 12, 8, 25, 5, 0, 16, 0, 0, 191, 2, 6
      55       46695.9     13479.0  13212, 2, 12, 8, 25, 5, 0, 16, 0, 0, 189, 4, 6
      56       46699.5     13369.0  13104, 2, 12, 8, 25, 5, 0, 14, 0, 0, 191, 2, 6
      57       46704.9     13287.0  13024, 2, 12, 8, 25, 5, 0, 14, 0, 0, 189, 2, 6
      58       46710.8     13282.0  13018, 2, 12, 8, 25, 5, 0, 12, 0, 0, 191, 3, 6
      59       46723.1     13125.0  12864, 2, 12, 8, 25, 5, 0, 10, 0, 0, 191, 2, 6
      60       47133.3     13036.0  12778, 2, 12, 8, 25, 5, 0, 12, 0, 0, 185, 3, 6
      61       47167.8     13013.0  12756, 2, 12, 8, 25, 5, 0, 12, 0, 0, 187, 0, 6
      62       47214.7     13006.0  12750, 2, 12, 8, 25, 5, 0, 14, 0, 0, 183, 1, 6
      63       47221.4     12844.0  12590, 2, 12, 8, 25, 5, 0, 10, 0, 0, 185, 1, 6
      64       47358.6     12827.0  12578, 2, 12, 8, 25, 6, 0, 18, 0, 0, 170, 2, 6
      65       47360.0     12785.0  12540, 2, 14, 8, 26, 6, 0, 18, 0, 0, 161, 2, 8
      66       47360.3     12438.0  12198, 2, 12, 8, 26, 5, 0, 18, 0, 0, 159, 2, 8
      67       47361.1     12219.0  11984, 2, 12, 8, 25, 5, 0, 18, 0, 0, 157, 2, 6
      68       47366.8     12097.0  11864, 2, 12, 8, 25, 5, 0, 16, 0, 0, 157, 2, 6
      69       47383.9     12015.0  11784, 2, 12, 8, 25, 5, 0, 16, 0, 0, 155, 2, 6
      70       47492.9     11968.0  11738, 2, 12, 8, 25, 5, 0, 16, 0, 0, 153, 3, 6
      71       47497.8     11846.0  11618, 2, 12, 8, 25, 5, 0, 14, 0, 0, 153, 3, 6
      72       47555.1     11757.0  11532, 2, 12, 8, 25, 5, 0, 16, 0, 0, 147, 4, 6
      73       47564.6     11600.0  11378, 2, 12, 8, 25, 5, 0, 14, 0, 0, 147, 3, 6
      74       47630.1     11478.0  11258, 2, 12, 8, 25, 5, 0, 12, 0, 0, 147, 3, 6
      75       48272.2     11448.0  11230, 2, 12, 8, 25, 5, 0, 14, 0, 0, 145, 1, 6
      76       48278.0     11326.0  11110, 2, 12, 8, 25, 5, 0, 12, 0, 0, 145, 1, 6
      77       48865.0     11321.0  11104, 2, 12, 8, 25, 5, 0, 10, 0, 0, 147, 2, 6
      78       48968.9     11244.0  11030, 2, 12, 8, 25, 5, 0, 12, 0, 0, 143, 1, 6
      79       49127.0     11197.0  10984, 2, 12, 8, 25, 5, 0, 12, 0, 0, 141, 2, 6
      80       53356.9     11152.0  10938, 2, 12, 8, 25, 5, 0, 8, 0, 0, 145, 3, 6
      81       63857.7     11117.0  10904, 2, 12, 8, 25, 5, 0, 8, 0, 0, 145, 2, 6

--- Solution (notes MIDI) ---
60 62 74 67 64 62 69 57 55 69 64 62 60 57 55 53 52 50 52 53 50 48 52 53 55 48 52 53 55 50 52 53 50 48 60 62 60 59 57 55 53 52 
