========================================
  RÉSULTATS : 3voices_1_1_3_vtype_3_1
========================================

--- Configuration ---
CF                : 8 (Do Reference Grave)
Gamme indicative  : Majeur
Preset            : bryce
Borrow mode       : 0
Mode d'objectif   : pond (score lex pondéré)
Nombre de voix    : 3
Espèces (incl CF) : 1 0 2
v_type            : 3 1
Timeout max (ms)  : 180000
Stagnation (ms)   : 0
Cantus firmus     : 48 50 53 52 55 53 52 50 48
                    Do3 Ré3 Fa3 Mi3 Sol3 Fa3 Mi3 Ré3 Do3

--- Métriques de recherche ---
Temps total (ms)            : 180000.0
Temps 1ère solution (ms)    : 36.5
Temps dernière amélio. (ms) : 34209.9
Solutions trouvées          : 69
Améliorations de coût       : 68
Score pondéré           : 13395.0
Terminaison                 : TIMEOUT_MAX

--- Statistiques Gecode ---
Nœuds      : 1905363
Échecs     : 952598
Restarts   : 0
Propagat.  : 903488940
Profondeur : 95

--- Améliorations ---
    Sol#    Temps (ms)       Coût
       1          36.5     24643.0
       2          37.9     24602.0
       3          38.2     24255.0
       4          39.3     24173.0
       5          39.6     24133.0
       6          40.7     23887.0
       7          53.4     23812.0
       8          60.7     23606.0
       9          89.0     23524.0
      10         197.6     23442.0
      11         450.6     22968.0
      12         451.7     22805.0
      13         451.9     22458.0
      14         465.4     21902.0
      15         466.2     21739.0
      16         466.5     21392.0
      17         472.8     21221.0
      18         478.0     21146.0
      19         484.5     20858.0
      20         557.9     20771.0
      21         570.9     20565.0
      22         592.3     20483.0
      23         613.6     20448.0
      24         708.2     20361.0
      25         732.2     20279.0
      26        1204.3     20244.0
      27        1240.5     20162.0
      28        1570.2     19791.0
      29        1571.0     19403.0
      30        1571.3     19321.0
      31        1571.6     19281.0
      32        1572.8     19239.0
      33        1574.8     19035.0
      34        1583.1     18878.0
      35        1590.8     18056.0
      36        1592.1     17974.0
      37        1592.7     17770.0
      38        1599.1     17728.0
      39        1600.2     17646.0
      40        1600.8     17442.0
      41        1610.9     17360.0
      42        1621.2     17278.0
      43        1635.7     17243.0
      44        1670.8     17161.0
      45        1923.1     17081.0
      46        1960.3     16999.0
      47        4265.5     15579.0
      48        4266.3     15232.0
      49        4267.6     15150.0
      50        4268.3     15110.0
      51        4269.5     14864.0
      52        4274.7     14665.0
      53        4282.6     14583.0
      54        4311.6     14501.0
      55        4364.4     14454.0
      56        4407.7     14379.0
      57        4409.4     14175.0
      58        6256.9     14053.0
      59       11015.6     14019.0
      60       12615.7     14005.0
      61       12706.8     13923.0
      62       12825.9     13761.0
      63       17949.5     13756.0
      64       17969.8     13674.0
      65       18484.5     13653.0
      67       33008.0     13552.0
      68       34195.1     13477.0
      69       34209.9     13395.0

--- Évolution du vecteur de coûts (toutes les solutions BAB) ---
    Sol#    Temps (ms)        Cost  Vecteur lex
       1          36.5     24643.0  24126, 8, 16, 8, 34, 3, 0, 18, 0, 0, 421, 3, 6
       2          37.9     24602.0  24086, 8, 16, 8, 33, 4, 0, 18, 0, 0, 421, 2, 6
       3          38.2     24255.0  23744, 8, 14, 8, 33, 3, 0, 18, 0, 0, 419, 2, 6
       4          39.3     24173.0  23664, 8, 14, 8, 33, 3, 0, 18, 0, 0, 417, 2, 6
       5          39.6     24133.0  23624, 8, 14, 8, 33, 3, 0, 16, 0, 0, 419, 2, 6
       6          40.7     23887.0  23384, 8, 14, 8, 33, 3, 0, 16, 0, 0, 413, 2, 6
       7          53.4     23812.0  23310, 8, 14, 8, 33, 3, 0, 14, 0, 0, 415, 1, 6
       8          60.7     23606.0  23110, 8, 14, 8, 33, 3, 0, 16, 0, 0, 407, 1, 6
       9          89.0     23524.0  23030, 8, 14, 8, 33, 3, 0, 16, 0, 0, 405, 1, 6
      10         197.6     23442.0  22950, 8, 14, 8, 33, 3, 0, 16, 0, 0, 403, 1, 6
      11         450.6     22968.0  22492, 8, 16, 8, 34, 3, 0, 18, 0, 0, 381, 2, 6
      12         451.7     22805.0  22332, 8, 16, 8, 33, 4, 0, 16, 0, 0, 381, 1, 6
      13         451.9     22458.0  21990, 8, 14, 8, 33, 3, 0, 16, 0, 0, 379, 1, 6
      14         465.4     21902.0  21452, 8, 16, 8, 34, 3, 0, 18, 0, 0, 355, 2, 6
      15         466.2     21739.0  21292, 8, 16, 8, 33, 4, 0, 16, 0, 0, 355, 1, 6
      16         466.5     21392.0  20950, 8, 14, 8, 33, 3, 0, 16, 0, 0, 353, 1, 6
      17         472.8     21221.0  20784, 8, 14, 8, 33, 3, 0, 18, 0, 0, 345, 2, 6
      18         478.0     21146.0  20710, 8, 14, 8, 33, 3, 0, 16, 0, 0, 347, 1, 6
      19         484.5     20858.0  20430, 8, 14, 8, 33, 3, 0, 18, 0, 0, 337, 1, 6
      20         557.9     20771.0  20344, 8, 14, 8, 33, 3, 0, 16, 0, 0, 337, 2, 6
      21         570.9     20565.0  20144, 8, 14, 8, 33, 3, 0, 18, 0, 0, 329, 2, 6
      22         592.3     20483.0  20064, 8, 14, 8, 33, 3, 0, 18, 0, 0, 327, 2, 6
      23         613.6     20448.0  20030, 8, 14, 8, 33, 3, 0, 18, 0, 0, 327, 1, 6
      24         708.2     20361.0  19944, 8, 14, 8, 33, 3, 0, 16, 0, 0, 327, 2, 6
      25         732.2     20279.0  19864, 8, 14, 8, 33, 3, 0, 16, 0, 0, 325, 2, 6
      26        1204.3     20244.0  19830, 8, 14, 8, 33, 3, 0, 16, 0, 0, 325, 1, 6
      27        1240.5     20162.0  19750, 8, 14, 8, 33, 3, 0, 16, 0, 0, 323, 1, 6
      28        1570.2     19791.0  19394, 8, 16, 8, 34, 3, 0, 22, 0, 0, 295, 5, 6
      29        1571.0     19403.0  19012, 8, 14, 8, 33, 3, 0, 22, 0, 0, 293, 4, 6
      30        1571.3     19321.0  18932, 8, 14, 8, 33, 3, 0, 22, 0, 0, 291, 4, 6
      31        1571.6     19281.0  18892, 8, 14, 8, 33, 3, 0, 20, 0, 0, 293, 4, 6
      32        1572.8     19239.0  18852, 8, 14, 8, 33, 3, 0, 22, 0, 0, 289, 4, 6
      33        1574.8     19035.0  18652, 8, 14, 8, 33, 3, 0, 20, 0, 0, 287, 4, 6
      34        1583.1     18878.0  18498, 8, 14, 8, 33, 3, 0, 18, 0, 0, 287, 3, 6
      35        1590.8     18056.0  17698, 8, 14, 8, 33, 3, 0, 22, 0, 0, 261, 3, 6
      36        1592.1     17974.0  17618, 8, 14, 8, 33, 3, 0, 22, 0, 0, 259, 3, 6
      37        1592.7     17770.0  17418, 8, 14, 8, 33, 3, 0, 20, 0, 0, 257, 3, 6
      38        1599.1     17728.0  17378, 8, 14, 8, 33, 3, 0, 22, 0, 0, 253, 3, 6
      39        1600.2     17646.0  17298, 8, 14, 8, 33, 3, 0, 22, 0, 0, 251, 3, 6
      40        1600.8     17442.0  17098, 8, 14, 8, 33, 3, 0, 20, 0, 0, 249, 3, 6
      41        1610.9     17360.0  17018, 8, 14, 8, 33, 3, 0, 20, 0, 0, 247, 3, 6
      42        1621.2     17278.0  16938, 8, 14, 8, 33, 3, 0, 20, 0, 0, 245, 3, 6
      43        1635.7     17243.0  16904, 8, 14, 8, 33, 3, 0, 20, 0, 0, 245, 2, 6
      44        1670.8     17161.0  16824, 8, 14, 8, 33, 3, 0, 20, 0, 0, 243, 2, 6
      45        1923.1     17081.0  16744, 8, 14, 8, 33, 3, 0, 16, 0, 0, 247, 2, 6
      46        1960.3     16999.0  16664, 8, 14, 8, 33, 3, 0, 16, 0, 0, 245, 2, 6
      47        4265.5     15579.0  15288, 8, 16, 8, 34, 4, 0, 26, 0, 0, 185, 6, 4
      48        4266.3     15232.0  14946, 8, 14, 8, 34, 3, 0, 26, 0, 0, 183, 6, 4
      49        4267.6     15150.0  14866, 8, 14, 8, 34, 3, 0, 26, 0, 0, 181, 6, 4
      50        4268.3     15110.0  14826, 8, 14, 8, 34, 3, 0, 24, 0, 0, 183, 6, 4
      51        4269.5     14864.0  14586, 8, 14, 8, 34, 3, 0, 24, 0, 0, 177, 6, 4
      52        4274.7     14665.0  14392, 8, 14, 8, 34, 3, 0, 24, 0, 0, 173, 5, 4
      53        4282.6     14583.0  14312, 8, 14, 8, 34, 3, 0, 24, 0, 0, 171, 5, 4
      54        4311.6     14501.0  14232, 8, 14, 8, 34, 3, 0, 24, 0, 0, 169, 5, 4
      55        4364.4     14454.0  14186, 8, 14, 8, 34, 3, 0, 24, 0, 0, 167, 6, 4
      56        4407.7     14379.0  14112, 8, 14, 8, 34, 3, 0, 22, 0, 0, 169, 5, 4
      57        4409.4     14175.0  13912, 8, 14, 8, 34, 3, 0, 20, 0, 0, 167, 5, 4
      58        6256.9     14053.0  13792, 8, 14, 8, 34, 3, 0, 18, 0, 0, 167, 5, 4
      59       11015.6     14019.0  13758, 8, 14, 8, 33, 3, 0, 18, 0, 0, 169, 4, 4
      60       12615.7     14005.0  13744, 8, 14, 8, 33, 3, 0, 18, 0, 0, 169, 2, 6
      61       12706.8     13923.0  13664, 8, 14, 8, 33, 3, 0, 18, 0, 0, 167, 2, 6
      62       12825.9     13761.0  13504, 8, 14, 8, 33, 3, 0, 14, 0, 0, 169, 2, 6
      63       17949.5     13756.0  13498, 6, 14, 8, 33, 4, 0, 16, 0, 0, 169, 2, 6
      64       17969.8     13674.0  13418, 6, 14, 8, 33, 4, 0, 16, 0, 0, 167, 2, 6
      65       18484.5     13653.0  13398, 6, 14, 8, 33, 4, 0, 16, 0, 0, 167, 3, 4
      66       31315.2     13653.0  13398, 6, 14, 8, 33, 3, 0, 18, 0, 0, 165, 4, 4
      67       33008.0     13552.0  13298, 6, 14, 8, 33, 3, 0, 16, 0, 0, 165, 3, 6
      68       34195.1     13477.0  13224, 6, 14, 8, 33, 3, 0, 14, 0, 0, 167, 2, 6
      69       34209.9     13395.0  13144, 6, 14, 8, 33, 3, 0, 14, 0, 0, 165, 2, 6

--- Solution (notes MIDI) ---
60 55 60 67 74 69 62 59 55 52 50 48 45 43 47 48 47 45 57 53 45 43 48 47 45 43 47 48 47 45 47 48 50 43 55 57 55 43 45 47 50 52 
