========================================
  RÉSULTATS : 2voices_1_2_vtype_1
========================================

--- Configuration ---
CF                : 8 (Do Reference Grave)
Gamme indicative  : Majeur
Preset            : bryce
Borrow mode       : 0
Mode d'objectif   : pond (score lex pondéré)
Nombre de voix    : 2
Espèces (incl CF) : 1 1
v_type            : 1
Timeout max (ms)  : 180000
Stagnation (ms)   : 0
Cantus firmus     : 48 50 53 52 55 53 52 50 48
                    Do3 Ré3 Fa3 Mi3 Sol3 Fa3 Mi3 Ré3 Do3

--- Métriques de recherche ---
Temps total (ms)            : 44926.4
Temps 1ère solution (ms)    : 6412.7
Temps dernière amélio. (ms) : 44552.9
Solutions trouvées          : 47
Améliorations de coût       : 47
Score pondéré           : 776.0
Terminaison                 : EXHAUSTIVE (optimal)

--- Statistiques Gecode ---
Nœuds      : 770611
Échecs     : 385259
Restarts   : 0
Propagat.  : 417619585
Profondeur : 44

--- Améliorations ---
    Sol#    Temps (ms)       Coût
       1        6412.7      5184.0
       2        6417.4      5118.0
       3        6421.8      5006.0
       4        6425.3      4940.0
       5        6429.2      4808.0
       6        6435.4      3868.0
       7        6436.7      3855.0
       8        6437.7      3778.0
       9        6440.1      2656.0
      10        6441.2      2478.0
      11        6443.3      2412.0
      12        6454.4      2392.0
      13        6462.9      2346.0
      14        6593.6      2300.0
      15        6601.3      2234.0
      16        6622.4      2214.0
      17        6686.1      2188.0
      18        6705.9      2122.0
      19        6739.8      2076.0
      20        7157.7      2039.0
      21        7873.8      1999.0
      22        8117.3      1990.0
      23        8118.8      1977.0
      24        8119.5      1887.0
      25        8694.8      1828.0
      26        8700.2      1806.0
      27        8895.3      1760.0
      28        8945.3      1716.0
      29        8951.5      1694.0
      30       12230.2      1690.0
      31       12253.7      1624.0
      32       13233.7      1604.0
      33       13257.4      1584.0
      34       13588.7      1503.0
      35       14236.7      1468.0
      36       14523.4      1422.0
      37       14606.5      1356.0
      38       14771.9      1290.0
      39       19499.1      1268.0
      40       21624.1      1220.0
      41       30365.9      1200.0
      42       39209.1      1132.0
      43       41133.0      1081.0
      44       42071.8      1002.0
      45       42078.4       980.0
      46       44475.0       866.0
      47       44552.9       776.0

--- Évolution du vecteur de coûts (toutes les solutions BAB) ---
    Sol#    Temps (ms)        Cost  Vecteur lex
       1        6412.7      5184.0  5062, 14, 0, 1, 0, 6, 2, 99
       2        6417.4      5118.0  4998, 14, 0, 1, 0, 6, 2, 97
       3        6421.8      5006.0  4888, 14, 0, 1, 0, 4, 2, 97
       4        6425.3      4940.0  4824, 14, 0, 1, 0, 4, 2, 95
       5        6429.2      4808.0  4696, 14, 0, 1, 0, 4, 2, 91
       6        6435.4      3868.0  3789, 14, 1, 1, 0, 8, 2, 53
       7        6436.7      3855.0  3775, 14, 1, 0, 0, 8, 2, 55
       8        6437.7      3778.0  3700, 14, 0, 1, 0, 8, 2, 53
       9        6440.1      2656.0  2612, 14, 0, 1, 0, 8, 2, 19
      10        6441.2      2478.0  2438, 14, 0, 1, 0, 6, 2, 17
      11        6443.3      2412.0  2374, 14, 0, 1, 0, 6, 2, 15
      12        6454.4      2392.0  2356, 14, 0, 1, 0, 8, 2, 11
      13        6462.9      2346.0  2310, 14, 0, 1, 0, 6, 2, 13
      14        6593.6      2300.0  2264, 14, 0, 1, 0, 4, 2, 15
      15        6601.3      2234.0  2200, 14, 0, 1, 0, 4, 2, 13
      16        6622.4      2214.0  2182, 14, 0, 1, 0, 6, 2, 9
      17        6686.1      2188.0  2154, 14, 0, 1, 0, 2, 2, 15
      18        6705.9      2122.0  2090, 14, 0, 1, 0, 2, 2, 13
      19        6739.8      2076.0  2044, 14, 0, 1, 0, 0, 2, 15
      20        7157.7      2039.0  2005, 12, 1, 0, 0, 0, 4, 17
      21        7873.8      1999.0  1969, 12, 1, 0, 0, 4, 4, 9
      22        8117.3      1990.0  1961, 12, 1, 1, 0, 4, 2, 9
      23        8118.8      1977.0  1947, 12, 1, 0, 0, 4, 2, 11
      24        8119.5      1887.0  1859, 12, 1, 0, 0, 2, 4, 9
      25        8694.8      1828.0  1798, 10, 0, 1, 0, 2, 6, 11
      26        8700.2      1806.0  1776, 10, 0, 1, 0, 2, 4, 13
      27        8895.3      1760.0  1730, 10, 0, 1, 0, 0, 4, 15
      28        8945.3      1716.0  1688, 10, 0, 1, 0, 0, 6, 11
      29        8951.5      1694.0  1666, 10, 0, 1, 0, 0, 4, 13
      30       12230.2      1690.0  1658, 8, 0, 1, 0, 0, 4, 19
      31       12253.7      1624.0  1594, 8, 0, 1, 0, 0, 4, 17
      32       13233.7      1604.0  1576, 8, 0, 1, 0, 2, 4, 13
      33       13257.4      1584.0  1558, 8, 0, 1, 0, 4, 4, 9
      34       13588.7      1503.0  1477, 8, 1, 0, 0, 0, 4, 13
      35       14236.7      1468.0  1440, 6, 0, 1, 0, 2, 4, 15
      36       14523.4      1422.0  1394, 6, 0, 1, 0, 0, 4, 17
      37       14606.5      1356.0  1330, 6, 0, 1, 0, 0, 4, 15
      38       14771.9      1290.0  1266, 6, 0, 1, 0, 0, 4, 13
      39       19499.1      1268.0  1244, 5, 0, 2, 0, 0, 4, 13
      40       21624.1      1220.0  1194, 3, 0, 2, 0, 0, 6, 15
      41       30365.9      1200.0  1176, 4, 0, 1, 0, 2, 4, 13
      42       39209.1      1132.0  1108, 3, 0, 2, 0, 0, 4, 15
      43       41133.0      1081.0  1063, 5, 1, 1, 0, 0, 4, 7
      44       42071.8      1002.0  984, 3, 0, 2, 0, 2, 6, 5
      45       42078.4       980.0  962, 3, 0, 2, 0, 2, 4, 7
      46       44475.0       866.0  848, 2, 0, 1, 0, 2, 4, 9
      47       44552.9       776.0  760, 2, 0, 1, 0, 0, 6, 7

--- Solution (notes MIDI) ---
48 52 53 55 57 59 60 62 64 59 57 62 60 55 57 59 60 
