========================================
  RÉSULTATS : 2voices_1_2_vtype_2
========================================

--- Configuration ---
CF                : 8 (Do Reference Grave)
Gamme indicative  : Majeur
Preset            : bryce
Borrow mode       : 0
Mode d'objectif   : pond (score lex pondéré)
Nombre de voix    : 2
Espèces (incl CF) : 1 1
v_type            : 2
Timeout max (ms)  : 180000
Stagnation (ms)   : 0
Cantus firmus     : 48 50 53 52 55 53 52 50 48
                    Do3 Ré3 Fa3 Mi3 Sol3 Fa3 Mi3 Ré3 Do3

--- Métriques de recherche ---
Temps total (ms)            : 18900.4
Temps 1ère solution (ms)    : 5.7
Temps dernière amélio. (ms) : 17629.1
Solutions trouvées          : 64
Améliorations de coût       : 63
Score pondéré           : 776.0
Terminaison                 : EXHAUSTIVE (optimal)

--- Statistiques Gecode ---
Nœuds      : 319201
Échecs     : 159537
Restarts   : 0
Propagat.  : 189270105
Profondeur : 47

--- Améliorations ---
    Sol#    Temps (ms)       Coût
       1           5.7      4403.0
       2           7.2      4291.0
       3           8.1      4093.0
       4          12.0      4036.0
       5          12.9      4005.0
       6          13.8      3992.0
       7          14.4      3981.0
       8          15.2      3849.0
       9          16.0      3783.0
      10          20.5      3717.0
      11          23.0      3697.0
      12          26.1      3631.0
      13          30.9      2982.0
      14          34.4      2839.0
      15          36.3      2773.0
      16          38.8      2733.0
      17          39.7      2667.0
      18          44.6      2621.0
      19          49.7      2562.0
      20          53.7      2496.0
      21          57.7      2456.0
      22          60.3      2390.0
      23          62.0      2344.0
      24          95.5      2311.0
      25          98.7      2265.0
      26         111.2      2256.0
      27         208.6      2254.0
      28         213.3      2177.0
      29         214.5      2133.0
      30         242.8      2131.0
      31         244.4      2087.0
      32         615.6      2006.0
      33         633.4      1940.0
      34         858.0      1874.0
      35        1333.3      1861.0
      36        1394.6      1762.0
      37        1564.8      1705.0
      38        1694.5      1696.0
      39        2320.2      1681.0
      40        3562.0      1661.0
      42        4428.1      1615.0
      43        4545.1      1606.0
      44        4550.2      1549.0
      45        5265.8      1540.0
      46        5412.5      1468.0
      47        5447.0      1448.0
      48        6803.3      1446.0
      49        7297.4      1365.0
      50        8168.6      1332.0
      51        8395.3      1266.0
      52        8768.2      1209.0
      53        9714.6      1200.0
      54       13703.2      1160.0
      55       13704.6      1125.0
      56       13705.0      1081.0
      57       14967.6      1000.0
      58       15008.7       980.0
      59       17545.4       974.0
      60       17557.8       954.0
      61       17591.9       945.0
      62       17601.1       910.0
      63       17623.9       875.0
      64       17629.1       776.0

--- Évolution du vecteur de coûts (toutes les solutions BAB) ---
    Sol#    Temps (ms)        Cost  Vecteur lex
       1           5.7      4403.0  4304, 13, 0, 3, 0, 4, 2, 77
       2           7.2      4291.0  4194, 13, 0, 2, 0, 4, 2, 76
       3           8.1      4093.0  4002, 13, 0, 2, 0, 4, 2, 70
       4          12.0      4036.0  3945, 12, 1, 2, 0, 2, 2, 72
       5          12.9      4005.0  3917, 13, 1, 2, 0, 2, 2, 68
       6          13.8      3992.0  3903, 13, 1, 1, 0, 2, 2, 70
       7          14.4      3981.0  3892, 13, 0, 2, 0, 2, 2, 70
       8          15.2      3849.0  3764, 13, 0, 2, 0, 2, 2, 66
       9          16.0      3783.0  3700, 13, 0, 2, 0, 2, 2, 64
      10          20.5      3717.0  3636, 13, 0, 2, 0, 2, 2, 62
      11          23.0      3697.0  3618, 13, 0, 2, 0, 4, 2, 58
      12          26.1      3631.0  3554, 13, 0, 2, 0, 4, 2, 56
      13          30.9      2982.0  2925, 12, 1, 2, 0, 4, 4, 34
      14          34.4      2839.0  2786, 12, 0, 3, 0, 4, 4, 30
      15          36.3      2773.0  2722, 12, 0, 3, 0, 4, 4, 28
      16          38.8      2733.0  2686, 12, 0, 3, 0, 8, 4, 20
      17          39.7      2667.0  2622, 12, 0, 3, 0, 8, 4, 18
      18          44.6      2621.0  2576, 12, 0, 3, 0, 6, 4, 20
      19          49.7      2562.0  2516, 12, 0, 2, 0, 4, 4, 24
      20          53.7      2496.0  2452, 12, 0, 2, 0, 4, 4, 22
      21          57.7      2456.0  2416, 12, 0, 2, 0, 8, 4, 14
      22          60.3      2390.0  2352, 12, 0, 2, 0, 8, 4, 12
      23          62.0      2344.0  2306, 12, 0, 2, 0, 6, 4, 14
      24          95.5      2311.0  2274, 12, 0, 1, 0, 8, 4, 12
      25          98.7      2265.0  2228, 12, 0, 1, 0, 6, 4, 14
      26         111.2      2256.0  2220, 12, 0, 1, 0, 8, 2, 13
      27         208.6      2254.0  2216, 10, 0, 1, 0, 10, 4, 13
      28         213.3      2177.0  2141, 9, 1, 1, 0, 10, 4, 11
      29         214.5      2133.0  2099, 10, 1, 0, 0, 10, 4, 9
      30         242.8      2131.0  2095, 9, 1, 1, 0, 8, 4, 13
      31         244.4      2087.0  2053, 10, 1, 0, 0, 8, 4, 11
      32         615.6      2006.0  1970, 7, 0, 2, 0, 8, 6, 13
      33         633.4      1940.0  1906, 7, 0, 2, 0, 8, 6, 11
      34         858.0      1874.0  1842, 8, 0, 1, 0, 8, 4, 11
      35        1333.3      1861.0  1828, 8, 0, 2, 0, 4, 4, 15
      36        1394.6      1762.0  1732, 7, 0, 2, 0, 6, 6, 9
      37        1564.8      1705.0  1676, 8, 0, 1, 0, 4, 6, 10
      38        1694.5      1696.0  1668, 8, 0, 1, 0, 6, 4, 9
      39        2320.2      1681.0  1650, 7, 0, 1, 0, 4, 4, 15
      40        3562.0      1661.0  1632, 7, 0, 1, 0, 6, 4, 11
      41        3653.5      1666.0  1632, 6, 0, 1, 0, 2, 4, 21
      42        4428.1      1615.0  1587, 7, 1, 1, 0, 2, 6, 11
      43        4545.1      1606.0  1579, 8, 1, 1, 0, 2, 2, 13
      44        4550.2      1549.0  1523, 8, 1, 0, 0, 2, 4, 11
      45        5265.8      1540.0  1514, 6, 0, 1, 0, 8, 4, 7
      46        5412.5      1468.0  1440, 6, 0, 1, 0, 2, 4, 15
      47        5447.0      1448.0  1422, 6, 0, 1, 0, 4, 4, 11
      48        6803.3      1446.0  1418, 6, 0, 1, 0, 2, 2, 17
      49        7297.4      1365.0  1336, 4, 0, 2, 0, 0, 4, 19
      50        8168.6      1332.0  1304, 3, 0, 2, 0, 2, 6, 15
      51        8395.3      1266.0  1240, 3, 0, 2, 0, 2, 6, 13
      52        8768.2      1209.0  1184, 4, 0, 1, 0, 0, 6, 14
      53        9714.6      1200.0  1176, 4, 0, 1, 0, 2, 4, 13
      54       13703.2      1160.0  1141, 5, 1, 2, 0, 0, 4, 7
      55       13704.6      1125.0  1105, 4, 1, 2, 0, 0, 4, 9
      56       13705.0      1081.0  1063, 5, 1, 1, 0, 0, 4, 7
      57       14967.6      1000.0  980, 3, 0, 2, 0, 0, 4, 11
      58       15008.7       980.0  962, 3, 0, 2, 0, 2, 4, 7
      59       17545.4       974.0  952, 2, 0, 1, 0, 0, 6, 13
      60       17557.8       954.0  936, 3, 0, 1, 0, 0, 10, 4
      61       17591.9       945.0  927, 3, 1, 1, 0, 0, 4, 9
      62       17601.1       910.0  892, 2, 0, 1, 0, 2, 8, 5
      63       17623.9       875.0  856, 2, 0, 1, 0, 0, 6, 10
      64       17629.1       776.0  760, 2, 0, 1, 0, 0, 6, 7

--- Solution (notes MIDI) ---
48 52 53 55 57 59 60 62 64 59 57 62 60 55 57 59 60 
