========================================
  RÉSULTATS : 2voices_1_2_vtype_3
========================================

--- Configuration ---
CF                : 8 (Do Reference Grave)
Gamme indicative  : Majeur
Preset            : bryce
Borrow mode       : 0
Mode d'objectif   : pond (score lex pondéré)
Nombre de voix    : 2
Espèces (incl CF) : 1 1
v_type            : 3
Timeout max (ms)  : 180000
Stagnation (ms)   : 0
Cantus firmus     : 48 50 53 52 55 53 52 50 48
                    Do3 Ré3 Fa3 Mi3 Sol3 Fa3 Mi3 Ré3 Do3

--- Métriques de recherche ---
Temps total (ms)            : 8774.1
Temps 1ère solution (ms)    : 6.4
Temps dernière amélio. (ms) : 7298.9
Solutions trouvées          : 40
Améliorations de coût       : 38
Score pondéré           : 776.0
Terminaison                 : EXHAUSTIVE (optimal)

--- Statistiques Gecode ---
Nœuds      : 151917
Échecs     : 75919
Restarts   : 0
Propagat.  : 93270758
Profondeur : 46

--- Améliorations ---
    Sol#    Temps (ms)       Coût
       1           6.4      3126.0
       2           6.7      2902.0
       3           7.0      2882.0
       4           7.3      2704.0
       5          14.0      2673.0
       6          14.8      2660.0
       7          25.6      2649.0
       8          27.0      2471.0
       9          31.5      2372.0
      10          38.7      2273.0
      11         108.2      2165.0
      13         138.1      2156.0
      14         163.8      2079.0
      15         164.4      2066.0
      16         166.3      1910.0
      17         256.7      1899.0
      18         300.3      1855.0
      19         304.2      1833.0
      21         595.7      1818.0
      22         890.1      1774.0
      23        1096.3      1675.0
      24        1688.4      1622.0
      25        1791.8      1534.0
      26        2247.5      1517.0
      27        2483.2      1442.0
      28        2624.5      1431.0
      29        3180.6      1374.0
      30        3438.1      1363.0
      31        3576.9      1328.0
      32        4291.4      1240.0
      33        4646.5      1187.0
      34        5242.9      1185.0
      35        5245.1      1086.0
      36        5471.4      1007.0
      37        6987.3      1000.0
      38        7000.6       965.0
      39        7008.6       866.0
      40        7298.9       776.0

--- Évolution du vecteur de coûts (toutes les solutions BAB) ---
    Sol#    Temps (ms)        Cost  Vecteur lex
       1           6.4      3126.0  3053, 4, 0, 6, 0, 4, 7, 52
       2           6.7      2902.0  2833, 4, 0, 5, 0, 2, 7, 51
       3           7.0      2882.0  2815, 4, 0, 5, 0, 4, 7, 47
       4           7.3      2704.0  2641, 4, 0, 5, 0, 2, 7, 45
       5          14.0      2673.0  2612, 3, 1, 5, 0, 4, 7, 41
       6          14.8      2660.0  2598, 3, 1, 4, 0, 4, 7, 43
       7          25.6      2649.0  2587, 3, 0, 5, 0, 4, 7, 43
       8          27.0      2471.0  2413, 3, 0, 5, 0, 2, 7, 41
       9          31.5      2372.0  2317, 3, 0, 5, 0, 2, 7, 38
      10          38.7      2273.0  2221, 3, 0, 5, 0, 2, 7, 35
      11         108.2      2165.0  2119, 4, 0, 4, 0, 4, 9, 25
      12         113.1      2165.0  2118, 3, 1, 3, 0, 6, 7, 27
      13         138.1      2156.0  2111, 4, 0, 5, 0, 4, 7, 25
      14         163.8      2079.0  2036, 4, 1, 4, 0, 4, 5, 25
      15         164.4      2066.0  2022, 4, 1, 3, 0, 4, 5, 27
      16         166.3      1910.0  1869, 3, 0, 4, 0, 4, 7, 23
      17         256.7      1899.0  1859, 3, 0, 4, 0, 4, 9, 20
      18         300.3      1855.0  1817, 4, 0, 4, 0, 2, 9, 19
      19         304.2      1833.0  1795, 4, 0, 4, 0, 2, 7, 21
      20         313.7      1833.0  1794, 3, 1, 3, 0, 4, 5, 23
      21         595.7      1818.0  1777, 3, 0, 3, 0, 2, 7, 26
      22         890.1      1774.0  1735, 3, 0, 3, 0, 2, 9, 22
      23        1096.3      1675.0  1639, 3, 0, 3, 0, 2, 9, 19
      24        1688.4      1622.0  1588, 3, 1, 3, 0, 2, 5, 20
      25        1791.8      1534.0  1503, 3, 0, 3, 0, 4, 7, 14
      26        2247.5      1517.0  1482, 2, 0, 3, 0, 0, 8, 22
      27        2483.2      1442.0  1410, 2, 0, 3, 0, 2, 6, 19
      28        2624.5      1431.0  1400, 2, 0, 3, 0, 2, 8, 16
      29        3180.6      1374.0  1344, 3, 0, 2, 0, 0, 8, 17
      30        3438.1      1363.0  1334, 3, 0, 2, 0, 0, 10, 14
      31        3576.9      1328.0  1298, 2, 0, 2, 0, 0, 10, 16
      32        4291.4      1240.0  1212, 2, 0, 2, 0, 0, 8, 16
      33        4646.5      1187.0  1162, 2, 0, 2, 0, 2, 8, 11
      34        5242.9      1185.0  1158, 2, 0, 2, 0, 0, 6, 17
      35        5245.1      1086.0  1062, 2, 0, 2, 0, 0, 6, 14
      36        5471.4      1007.0  984, 2, 0, 1, 0, 0, 6, 14
      37        6987.3      1000.0  980, 3, 0, 1, 0, 2, 4, 10
      38        7000.6       965.0  944, 2, 0, 1, 0, 2, 4, 12
      39        7008.6       866.0  848, 2, 0, 1, 0, 2, 4, 9
      40        7298.9       776.0  760, 2, 0, 1, 0, 0, 6, 7

--- Solution (notes MIDI) ---
60 64 65 67 69 71 72 74 76 71 69 74 72 67 69 71 72 
