========================================
  RÉSULTATS : 3voices_1_1_4_vtype_1_4
========================================

--- Configuration ---
CF                : 8 (Do Reference Grave)
Gamme indicative  : Majeur
Preset            : bryce
Borrow mode       : 0
Mode d'objectif   : pond (score lex pondéré)
Nombre de voix    : 3
Espèces (incl CF) : 1 0 3
v_type            : 1 4
Timeout max (ms)  : 180000
Stagnation (ms)   : 0
Cantus firmus     : 48 50 53 52 55 53 52 50 48
                    Do3 Ré3 Fa3 Mi3 Sol3 Fa3 Mi3 Ré3 Do3

--- Métriques de recherche ---
Temps total (ms)            : 180000.0
Temps 1ère solution (ms)    : 30.0
Temps dernière amélio. (ms) : 12799.2
Solutions trouvées          : 43
Améliorations de coût       : 43
Score pondéré           : 2638.0
Terminaison                 : TIMEOUT_MAX

--- Statistiques Gecode ---
Nœuds      : 1899808
Échecs     : 949851
Restarts   : 0
Propagat.  : 993207041
Profondeur : 95

--- Améliorations ---
    Sol#    Temps (ms)       Coût
       1          30.0      6429.0
       2          31.2      6169.0
       3          35.8      6083.0
       4          36.1      5517.0
       5          36.5      5285.0
       6          59.4      5250.0
       7          78.4      5185.0
       8         115.4      5062.0
       9         122.7      4961.0
      10         124.4      4946.0
      11         235.4      4939.0
      12         328.9      4567.0
      13         329.2      4552.0
      14         329.4      4479.0
      15         335.1      4340.0
      16         335.5      4333.0
      17         335.8      4188.0
      18         339.3      4138.0
      19         339.5      4073.0
      20         343.3      4066.0
      21         345.4      3841.0
      22         346.3      3776.0
      23         350.2      3711.0
      24         357.8      3668.0
      25         361.1      3646.0
      26         362.2      3581.0
      27         372.6      3516.0
      28         458.9      3494.0
      29         459.3      3421.0
      30         501.6      3414.0
      31        4789.6      3262.0
      32        4796.3      3182.0
      33        4806.3      3073.0
      34        4821.0      3008.0
      35        8837.6      3001.0
      36        8838.4      2928.0
      37       12735.2      2907.0
      38       12735.6      2892.0
      39       12741.2      2820.0
      40       12741.5      2805.0
      41       12758.8      2797.0
      42       12759.1      2645.0
      43       12799.2      2638.0

--- Évolution du vecteur de coûts (toutes les solutions BAB) ---
    Sol#    Temps (ms)        Cost  Vecteur lex
       1          30.0      6429.0  6326, 0, 6, 14, 15, 9, 1, 16, 0, 42, 0, 0
       2          31.2      6169.0  6069, 0, 4, 14, 15, 8, 1, 16, 0, 42, 0, 0
       3          35.8      6083.0  5984, 0, 2, 16, 15, 7, 1, 16, 0, 42, 0, 0
       4          36.1      5517.0  5425, 0, 2, 14, 11, 6, 1, 16, 0, 42, 0, 0
       5          36.5      5285.0  5196, 0, 2, 14, 9, 5, 1, 16, 0, 42, 0, 0
       6          59.4      5250.0  5161, 0, 0, 16, 9, 2, 4, 16, 0, 42, 0, 0
       7          78.4      5185.0  5097, 0, 0, 16, 9, 2, 3, 16, 0, 42, 0, 0
       8         115.4      5062.0  4976, 0, 0, 16, 9, 3, 0, 16, 0, 42, 0, 0
       9         122.7      4961.0  4876, 0, 0, 14, 10, 2, 1, 16, 0, 42, 0, 0
      10         124.4      4946.0  4861, 0, 0, 14, 9, 2, 2, 16, 0, 42, 0, 0
      11         235.4      4939.0  4854, 0, 0, 14, 9, 1, 3, 16, 0, 42, 0, 0
      12         328.9      4567.0  4505, 0, 4, 16, 17, 2, 3, 16, 0, 4, 0, 0
      13         329.2      4552.0  4490, 0, 4, 16, 16, 2, 4, 16, 0, 4, 0, 0
      14         329.4      4479.0  4418, 0, 4, 16, 15, 3, 3, 16, 0, 4, 0, 0
      15         335.1      4340.0  4281, 0, 4, 18, 11, 4, 2, 16, 0, 4, 0, 0
      16         335.5      4333.0  4274, 0, 4, 18, 11, 3, 3, 16, 0, 4, 0, 0
      17         335.8      4188.0  4131, 0, 4, 18, 10, 3, 2, 16, 0, 4, 0, 0
      18         339.3      4138.0  4081, 0, 2, 18, 11, 2, 4, 16, 0, 4, 0, 0
      19         339.5      4073.0  4017, 0, 2, 18, 11, 2, 3, 16, 0, 4, 0, 0
      20         343.3      4066.0  4010, 0, 2, 18, 11, 1, 4, 16, 0, 4, 0, 0
      21         345.4      3841.0  3787, 0, 0, 18, 9, 0, 7, 16, 0, 4, 0, 0
      22         346.3      3776.0  3723, 0, 0, 18, 9, 0, 6, 16, 0, 4, 0, 0
      23         350.2      3711.0  3659, 0, 0, 18, 9, 0, 5, 16, 0, 4, 0, 0
      24         357.8      3668.0  3617, 0, 0, 18, 10, 1, 2, 16, 0, 4, 0, 0
      25         361.1      3646.0  3595, 0, 0, 18, 9, 0, 4, 16, 0, 4, 0, 0
      26         362.2      3581.0  3531, 0, 0, 18, 9, 0, 3, 16, 0, 4, 0, 0
      27         372.6      3516.0  3467, 0, 0, 18, 9, 0, 2, 16, 0, 4, 0, 0
      28         458.9      3494.0  3445, 0, 0, 16, 10, 1, 2, 16, 0, 4, 0, 0
      29         459.3      3421.0  3373, 0, 0, 16, 9, 2, 1, 16, 0, 4, 0, 0
      30         501.6      3414.0  3366, 0, 0, 16, 9, 1, 2, 16, 0, 4, 0, 0
      31        4789.6      3262.0  3217, 0, 0, 16, 10, 1, 2, 12, 0, 4, 0, 0
      32        4796.3      3182.0  3138, 0, 0, 16, 9, 1, 2, 12, 0, 4, 0, 0
      33        4806.3      3073.0  3030, 0, 0, 14, 9, 1, 3, 12, 0, 4, 0, 0
      34        4821.0      3008.0  2966, 0, 0, 14, 9, 1, 2, 12, 0, 4, 0, 0
      35        8837.6      3001.0  2960, 0, 0, 16, 10, 0, 2, 8, 0, 5, 0, 0
      36        8838.4      2928.0  2888, 0, 0, 16, 9, 1, 1, 8, 0, 5, 0, 0
      37       12735.2      2907.0  2868, 0, 0, 16, 11, 1, 0, 6, 0, 5, 0, 0
      38       12735.6      2892.0  2853, 0, 0, 16, 10, 1, 1, 6, 0, 5, 0, 0
      39       12741.2      2820.0  2782, 0, 0, 16, 10, 0, 1, 6, 0, 5, 0, 0
      40       12741.5      2805.0  2767, 0, 0, 16, 9, 0, 2, 6, 0, 5, 0, 0
      41       12758.8      2797.0  2759, 0, 0, 14, 10, 3, 0, 6, 0, 5, 0, 0
      42       12759.1      2645.0  2609, 0, 0, 14, 9, 2, 0, 6, 0, 5, 0, 0
      43       12799.2      2638.0  2602, 0, 0, 14, 9, 1, 1, 6, 0, 5, 0, 0

--- Solution (notes MIDI) ---
48 43 45 43 47 45 45 43 48 76 76 76 76 77 77 76 76 74 74 72 72 72 72 71 72 
