========================================
  RÉSULTATS : 3voices_1_1_4_vtype_1_3
========================================

--- Configuration ---
CF                : 8 (Do Reference Grave)
Gamme indicative  : Majeur
Preset            : bryce
Borrow mode       : 0
Mode d'objectif   : pond (score lex pondéré)
Nombre de voix    : 3
Espèces (incl CF) : 1 0 3
v_type            : 1 3
Timeout max (ms)  : 180000
Stagnation (ms)   : 0
Cantus firmus     : 48 50 53 52 55 53 52 50 48
                    Do3 Ré3 Fa3 Mi3 Sol3 Fa3 Mi3 Ré3 Do3

--- Métriques de recherche ---
Temps total (ms)            : 180000.1
Temps 1ère solution (ms)    : 98.3
Temps dernière amélio. (ms) : 31190.9
Solutions trouvées          : 40
Améliorations de coût       : 40
Score pondéré           : 2638.0
Terminaison                 : TIMEOUT_MAX

--- Statistiques Gecode ---
Nœuds      : 644426
Échecs     : 322163
Restarts   : 0
Propagat.  : 327688251
Profondeur : 97

--- Améliorations ---
    Sol#    Temps (ms)       Coût
       1          98.3     10231.0
       2          99.2      7010.0
       3         100.1      6997.0
       4         100.6      6670.0
       5         101.0      6584.0
       6         104.9      6338.0
       7         105.2      6019.0
       8         106.0      5851.0
       9         106.3      5779.0
      10         114.5      5764.0
      11         123.4      5517.0
      12         124.7      5350.0
      13         125.6      5285.0
      14         221.5      5193.0
      15         236.7      5179.0
      16         249.0      5128.0
      17         279.9      5034.0
      18         282.3      5019.0
      19         335.7      4954.0
      20         351.1      4939.0
      21        1114.9      4535.0
      22        1115.9      4262.0
      23        1118.4      4174.0
      24        1129.4      3494.0
      25        1132.3      3421.0
      26        1385.0      3414.0
      27       12679.6      3408.0
      28       12680.5      3393.0
      29       12681.0      3320.0
      30       12681.6      3241.0
      31       12682.4      3168.0
      32       12697.0      3161.0
      33       12697.7      3088.0
      34       12701.1      3081.0
      35       12702.2      3008.0
      36       21488.5      2993.0
      37       21511.8      2928.0
      38       31124.4      2863.0
      39       31127.7      2790.0
      40       31190.9      2638.0

--- Évolution du vecteur de coûts (toutes les solutions BAB) ---
    Sol#    Temps (ms)        Cost  Vecteur lex
       1          98.3     10231.0  10081, 0, 8, 16, 58, 9, 1, 16, 0, 42, 0, 0
       2          99.2      7010.0  6900, 0, 6, 16, 20, 10, 0, 16, 0, 42, 0, 0
       3         100.1      6997.0  6887, 0, 6, 14, 23, 8, 1, 16, 0, 42, 0, 0
       4         100.6      6670.0  6564, 0, 4, 16, 19, 9, 0, 16, 0, 42, 0, 0
       5         101.0      6584.0  6479, 0, 4, 14, 21, 8, 0, 16, 0, 42, 0, 0
       6         104.9      6338.0  6236, 0, 4, 14, 19, 5, 2, 16, 0, 42, 0, 0
       7         105.2      6019.0  5921, 0, 4, 12, 18, 5, 1, 16, 0, 42, 0, 0
       8         106.0      5851.0  5755, 0, 4, 12, 15, 6, 1, 16, 0, 42, 0, 0
       9         106.3      5779.0  5684, 0, 4, 12, 15, 5, 1, 16, 0, 42, 0, 0
      10         114.5      5764.0  5669, 0, 4, 12, 14, 5, 2, 16, 0, 42, 0, 0
      11         123.4      5517.0  5425, 0, 2, 14, 11, 6, 1, 16, 0, 42, 0, 0
      12         124.7      5350.0  5260, 0, 2, 14, 9, 5, 2, 16, 0, 42, 0, 0
      13         125.6      5285.0  5196, 0, 2, 14, 9, 5, 1, 16, 0, 42, 0, 0
      14         221.5      5193.0  5105, 0, 0, 16, 10, 1, 3, 16, 0, 42, 0, 0
      15         236.7      5179.0  5091, 0, 0, 14, 12, 1, 3, 16, 0, 42, 0, 0
      16         249.0      5128.0  5041, 0, 0, 16, 10, 1, 2, 16, 0, 42, 0, 0
      17         279.9      5034.0  4948, 0, 0, 14, 11, 1, 2, 16, 0, 42, 0, 0
      18         282.3      5019.0  4933, 0, 0, 14, 10, 1, 3, 16, 0, 42, 0, 0
      19         335.7      4954.0  4869, 0, 0, 14, 10, 1, 2, 16, 0, 42, 0, 0
      20         351.1      4939.0  4854, 0, 0, 14, 9, 1, 3, 16, 0, 42, 0, 0
      21        1114.9      4535.0  4474, 0, 6, 18, 11, 5, 1, 16, 0, 4, 0, 0
      22        1115.9      4262.0  4204, 0, 2, 18, 14, 4, 0, 16, 0, 4, 0, 0
      23        1118.4      4174.0  4117, 0, 2, 18, 12, 5, 0, 16, 0, 4, 0, 0
      24        1129.4      3494.0  3445, 0, 0, 16, 10, 1, 2, 16, 0, 4, 0, 0
      25        1132.3      3421.0  3373, 0, 0, 16, 9, 2, 1, 16, 0, 4, 0, 0
      26        1385.0      3414.0  3366, 0, 0, 16, 9, 1, 2, 16, 0, 4, 0, 0
      27       12679.6      3408.0  3361, 0, 0, 14, 14, 1, 2, 12, 0, 4, 0, 0
      28       12680.5      3393.0  3346, 0, 0, 14, 13, 1, 3, 12, 0, 4, 0, 0
      29       12681.0      3320.0  3274, 0, 0, 14, 12, 2, 2, 12, 0, 4, 0, 0
      30       12681.6      3241.0  3196, 0, 0, 14, 12, 0, 3, 12, 0, 4, 0, 0
      31       12682.4      3168.0  3124, 0, 0, 14, 11, 1, 2, 12, 0, 4, 0, 0
      32       12697.0      3161.0  3117, 0, 0, 14, 11, 0, 3, 12, 0, 4, 0, 0
      33       12697.7      3088.0  3045, 0, 0, 14, 10, 1, 2, 12, 0, 4, 0, 0
      34       12701.1      3081.0  3038, 0, 0, 14, 10, 0, 3, 12, 0, 4, 0, 0
      35       12702.2      3008.0  2966, 0, 0, 14, 9, 1, 2, 12, 0, 4, 0, 0
      36       21488.5      2993.0  2952, 0, 0, 16, 9, 1, 2, 8, 0, 5, 0, 0
      37       21511.8      2928.0  2888, 0, 0, 16, 9, 1, 1, 8, 0, 5, 0, 0
      38       31124.4      2863.0  2824, 0, 0, 14, 11, 1, 2, 6, 0, 5, 0, 0
      39       31127.7      2790.0  2752, 0, 0, 14, 10, 2, 1, 6, 0, 5, 0, 0
      40       31190.9      2638.0  2602, 0, 0, 14, 9, 1, 1, 6, 0, 5, 0, 0

--- Solution (notes MIDI) ---
48 43 45 43 47 45 45 43 48 76 76 76 76 77 77 76 76 74 74 72 72 72 72 71 72 
