========================================
  RÉSULTATS : 3voices_1_1_4_vtype_1_2
========================================

--- Configuration ---
CF                : 8 (Do Reference Grave)
Gamme indicative  : Majeur
Preset            : bryce
Borrow mode       : 0
Mode d'objectif   : pond (score lex pondéré)
Nombre de voix    : 3
Espèces (incl CF) : 1 0 3
v_type            : 1 2
Timeout max (ms)  : 180000
Stagnation (ms)   : 0
Cantus firmus     : 48 50 53 52 55 53 52 50 48
                    Do3 Ré3 Fa3 Mi3 Sol3 Fa3 Mi3 Ré3 Do3

--- Métriques de recherche ---
Temps total (ms)            : 180000.1
Temps 1ère solution (ms)    : 25.9
Temps dernière amélio. (ms) : 11997.2
Solutions trouvées          : 36
Améliorations de coût       : 36
Score pondéré           : 2638.0
Terminaison                 : TIMEOUT_MAX

--- Statistiques Gecode ---
Nœuds      : 1835736
Échecs     : 917824
Restarts   : 0
Propagat.  : 1008979037
Profondeur : 97

--- Améliorations ---
    Sol#    Temps (ms)       Coût
       1          25.9      7688.0
       2          26.3      6895.0
       3          26.5      6809.0
       4          27.6      6255.0
       5          27.8      6248.0
       6          28.1      5929.0
       7          31.5      5517.0
       8          31.9      5285.0
       9          45.3      4968.0
      10          88.5      4961.0
      11          89.3      4946.0
      12         147.0      4939.0
      13         224.9      4074.0
      14         225.4      4044.0
      15         225.7      3819.0
      16         226.1      3746.0
      17         237.6      3704.0
      18         238.3      3631.0
      19         290.1      3523.0
      20         293.8      3501.0
      21         302.1      3421.0
      22         329.5      3414.0
      23        4420.6      3277.0
      24        4422.4      3197.0
      25        4422.6      3182.0
      26        4455.8      3161.0
      27        4456.0      3088.0
      28        4474.6      3008.0
      29        8117.2      2935.0
      30        8168.6      2928.0
      31       11940.6      2920.0
      32       11944.9      2855.0
      33       11959.3      2812.0
      34       11967.6      2733.0
      35       11968.1      2645.0
      36       11997.2      2638.0

--- Évolution du vecteur de coûts (toutes les solutions BAB) ---
    Sol#    Temps (ms)        Cost  Vecteur lex
       1          25.9      7688.0  7569, 0, 4, 16, 31, 8, 2, 16, 0, 42, 0, 0
       2          26.3      6895.0  6786, 0, 4, 16, 21, 9, 1, 16, 0, 42, 0, 0
       3          26.5      6809.0  6701, 0, 4, 14, 23, 8, 1, 16, 0, 42, 0, 0
       4          27.6      6255.0  6154, 0, 4, 16, 13, 9, 1, 16, 0, 42, 0, 0
       5          27.8      6248.0  6147, 0, 4, 16, 13, 8, 2, 16, 0, 42, 0, 0
       6          28.1      5929.0  5832, 0, 4, 14, 12, 8, 1, 16, 0, 42, 0, 0
       7          31.5      5517.0  5425, 0, 2, 14, 11, 6, 1, 16, 0, 42, 0, 0
       8          31.9      5285.0  5196, 0, 2, 14, 9, 5, 1, 16, 0, 42, 0, 0
       9          45.3      4968.0  4883, 0, 0, 16, 8, 1, 2, 16, 0, 42, 0, 0
      10          88.5      4961.0  4876, 0, 0, 14, 10, 2, 1, 16, 0, 42, 0, 0
      11          89.3      4946.0  4861, 0, 0, 14, 9, 2, 2, 16, 0, 42, 0, 0
      12         147.0      4939.0  4854, 0, 0, 14, 9, 1, 3, 16, 0, 42, 0, 0
      13         224.9      4074.0  4018, 0, 2, 16, 14, 2, 2, 16, 0, 4, 0, 0
      14         225.4      4044.0  3988, 0, 2, 16, 12, 2, 4, 16, 0, 4, 0, 0
      15         225.7      3819.0  3766, 0, 2, 16, 10, 2, 3, 16, 0, 4, 0, 0
      16         226.1      3746.0  3694, 0, 2, 16, 9, 3, 2, 16, 0, 4, 0, 0
      17         237.6      3704.0  3652, 0, 0, 16, 11, 1, 4, 16, 0, 4, 0, 0
      18         238.3      3631.0  3580, 0, 0, 16, 10, 2, 3, 16, 0, 4, 0, 0
      19         290.1      3523.0  3474, 0, 0, 18, 9, 1, 1, 16, 0, 4, 0, 0
      20         293.8      3501.0  3452, 0, 0, 16, 10, 2, 1, 16, 0, 4, 0, 0
      21         302.1      3421.0  3373, 0, 0, 16, 9, 2, 1, 16, 0, 4, 0, 0
      22         329.5      3414.0  3366, 0, 0, 16, 9, 1, 2, 16, 0, 4, 0, 0
      23        4420.6      3277.0  3232, 0, 0, 16, 11, 1, 1, 12, 0, 4, 0, 0
      24        4422.4      3197.0  3153, 0, 0, 16, 10, 1, 1, 12, 0, 4, 0, 0
      25        4422.6      3182.0  3138, 0, 0, 16, 9, 1, 2, 12, 0, 4, 0, 0
      26        4455.8      3161.0  3117, 0, 0, 14, 11, 0, 3, 12, 0, 4, 0, 0
      27        4456.0      3088.0  3045, 0, 0, 14, 10, 1, 2, 12, 0, 4, 0, 0
      28        4474.6      3008.0  2966, 0, 0, 14, 9, 1, 2, 12, 0, 4, 0, 0
      29        8117.2      2935.0  2895, 0, 0, 16, 9, 2, 0, 8, 0, 5, 0, 0
      30        8168.6      2928.0  2888, 0, 0, 16, 9, 1, 1, 8, 0, 5, 0, 0
      31       11940.6      2920.0  2880, 0, 0, 14, 10, 2, 3, 6, 0, 5, 0, 0
      32       11944.9      2855.0  2816, 0, 0, 14, 10, 2, 2, 6, 0, 5, 0, 0
      33       11959.3      2812.0  2774, 0, 0, 16, 9, 1, 1, 6, 0, 5, 0, 0
      34       11967.6      2733.0  2696, 0, 0, 14, 11, 1, 0, 6, 0, 5, 0, 0
      35       11968.1      2645.0  2609, 0, 0, 14, 9, 2, 0, 6, 0, 5, 0, 0
      36       11997.2      2638.0  2602, 0, 0, 14, 9, 1, 1, 6, 0, 5, 0, 0

--- Solution (notes MIDI) ---
48 43 45 43 47 45 45 43 48 64 64 64 64 65 65 64 64 62 62 60 60 60 60 59 60 
