========================================
  RÉSULTATS : 3voices_1_1_4_vtype_2_3
========================================

--- Configuration ---
CF                : 8 (Do Reference Grave)
Gamme indicative  : Majeur
Preset            : bryce
Borrow mode       : 0
Mode d'objectif   : pond (score lex pondéré)
Nombre de voix    : 3
Espèces (incl CF) : 1 0 3
v_type            : 2 3
Timeout max (ms)  : 180000
Stagnation (ms)   : 0
Cantus firmus     : 48 50 53 52 55 53 52 50 48
                    Do3 Ré3 Fa3 Mi3 Sol3 Fa3 Mi3 Ré3 Do3

--- Métriques de recherche ---
Temps total (ms)            : 180000.2
Temps 1ère solution (ms)    : 50.8
Temps dernière amélio. (ms) : 142392.5
Solutions trouvées          : 59
Améliorations de coût       : 59
Score pondéré           : 1854.0
Terminaison                 : TIMEOUT_MAX

--- Statistiques Gecode ---
Nœuds      : 655260
Échecs     : 327561
Restarts   : 0
Propagat.  : 472900427
Profondeur : 83

--- Améliorations ---
    Sol#    Temps (ms)       Coût
       1          50.8     51565.0
       2          52.2     51325.0
       3          53.0     51173.0
       4          59.6     51020.0
       5          62.2     50918.0
       6          68.4     50817.0
       7          69.4     50794.0
       8          69.7     50707.0
       9          82.8     50525.0
      10          86.0     50467.0
      11          86.4     50388.0
      12         105.9      5125.0
      13         106.9      4879.0
      14         111.2      4800.0
      15         113.2      4714.0
      16         115.0      4612.0
      17         119.4      4575.0
      18         120.3      4503.0
      19         122.2      4488.0
      20         122.7      4401.0
      21         137.7      4379.0
      22         139.1      4292.0
      23         240.1      4286.0
      24         243.2      4242.0
      25         247.7      4213.0
      26         268.9      4169.0
      27         534.0      4162.0
      28         643.8      3988.0
      29         734.7      3944.0
      30         810.7      3937.0
      31        1089.7      3873.0
      32        1094.1      3686.0
      33        1095.1      3461.0
      34        1096.4      3389.0
      35        1101.2      3316.0
      36        1103.1      3308.0
      37        1103.6      3221.0
      38        1217.8      2909.0
      39        1235.8      2865.0
      40        1530.2      2846.0
      41        1535.3      2613.0
      42        1549.6      2460.0
      43        1628.3      2453.0
      44        1792.2      2409.0
      45        2873.3      2390.0
      46        2896.1      2281.0
      47        2910.6      2237.0
      48        2947.2      2230.0
      49        3018.3      2186.0
      50        4231.4      2107.0
      51        4348.1      2100.0
      52        4400.9      2056.0
      53      136818.3      2019.0
      54      136838.9      1991.0
      55      141943.8      1962.0
      56      142136.4      1918.0
      57      142191.9      1905.0
      58      142194.4      1890.0
      59      142392.5      1854.0

--- Évolution du vecteur de coûts (toutes les solutions BAB) ---
    Sol#    Temps (ms)        Cost  Vecteur lex
       1          50.8     51565.0  50898, 0, 0, 12, 598, 4, 1, 8, 0, 42, 0, 2
       2          52.2     51325.0  50661, 0, 0, 12, 595, 4, 1, 8, 0, 42, 0, 2
       3          53.0     51173.0  50511, 0, 0, 12, 594, 3, 1, 8, 0, 42, 0, 2
       4          59.6     51020.0  50360, 0, 0, 14, 590, 2, 2, 8, 0, 42, 0, 2
       5          62.2     50918.0  50259, 0, 0, 12, 590, 3, 2, 8, 0, 42, 0, 2
       6          68.4     50817.0  50159, 0, 0, 10, 591, 2, 3, 8, 0, 42, 0, 2
       7          69.4     50794.0  50136, 0, 0, 10, 589, 3, 4, 8, 0, 42, 0, 2
       8          69.7     50707.0  50050, 0, 0, 10, 588, 2, 5, 8, 0, 42, 0, 2
       9          82.8     50525.0  49871, 0, 2, 10, 585, 2, 3, 8, 0, 42, 0, 2
      10          86.0     50467.0  49813, 0, 0, 10, 585, 2, 5, 8, 0, 42, 0, 2
      11          86.4     50388.0  49735, 0, 0, 8, 587, 2, 4, 8, 0, 42, 0, 2
      12         105.9      5125.0  5039, 0, 2, 16, 9, 6, 1, 8, 0, 42, 0, 2
      13         106.9      4879.0  4796, 0, 2, 14, 9, 5, 1, 8, 0, 42, 0, 2
      14         111.2      4800.0  4718, 0, 0, 18, 7, 3, 2, 8, 0, 42, 0, 2
      15         113.2      4714.0  4633, 0, 0, 16, 9, 2, 2, 8, 0, 42, 0, 2
      16         115.0      4612.0  4532, 0, 0, 14, 9, 3, 2, 8, 0, 42, 0, 2
      17         119.4      4575.0  4495, 0, 0, 14, 7, 2, 5, 8, 0, 42, 0, 2
      18         120.3      4503.0  4424, 0, 0, 12, 9, 3, 3, 8, 0, 42, 0, 2
      19         122.2      4488.0  4409, 0, 0, 12, 8, 3, 4, 8, 0, 42, 0, 2
      20         122.7      4401.0  4323, 0, 0, 12, 7, 2, 5, 8, 0, 42, 0, 2
      21         137.7      4379.0  4301, 0, 0, 10, 8, 3, 5, 8, 0, 42, 0, 2
      22         139.1      4292.0  4215, 0, 0, 10, 7, 2, 6, 8, 0, 42, 0, 2
      23         240.1      4286.0  4210, 0, 0, 12, 8, 2, 2, 8, 0, 42, 0, 2
      24         243.2      4242.0  4166, 0, 0, 10, 8, 2, 4, 8, 0, 42, 0, 2
      25         247.7      4213.0  4137, 0, 0, 8, 9, 2, 5, 8, 0, 42, 0, 2
      26         268.9      4169.0  4093, 0, 0, 6, 9, 2, 7, 8, 0, 42, 0, 2
      27         534.0      4162.0  4086, 0, 0, 6, 9, 1, 8, 8, 0, 42, 0, 2
      28         643.8      3988.0  3916, 0, 0, 8, 7, 1, 6, 8, 0, 42, 0, 0
      29         734.7      3944.0  3872, 0, 0, 6, 7, 1, 8, 8, 0, 42, 0, 0
      30         810.7      3937.0  3865, 0, 0, 6, 7, 0, 9, 8, 0, 42, 0, 0
      31        1089.7      3873.0  3817, 0, 2, 16, 10, 5, 1, 10, 0, 10, 0, 2
      32        1094.1      3686.0  3632, 0, 0, 16, 11, 3, 2, 10, 0, 10, 0, 2
      33        1095.1      3461.0  3410, 0, 0, 16, 9, 3, 1, 10, 0, 10, 0, 2
      34        1096.4      3389.0  3339, 0, 0, 16, 9, 2, 1, 10, 0, 10, 0, 2
      35        1101.2      3316.0  3266, 0, 0, 12, 10, 2, 4, 10, 0, 10, 0, 2
      36        1103.1      3308.0  3258, 0, 0, 12, 9, 3, 4, 10, 0, 10, 0, 2
      37        1103.6      3221.0  3172, 0, 0, 12, 8, 2, 5, 10, 0, 10, 0, 2
      38        1217.8      2909.0  2863, 0, 0, 8, 7, 0, 9, 10, 0, 10, 0, 2
      39        1235.8      2865.0  2819, 0, 0, 6, 7, 0, 11, 10, 0, 10, 0, 2
      40        1530.2      2846.0  2804, 0, 0, 14, 7, 1, 2, 8, 0, 8, 0, 2
      41        1535.3      2613.0  2573, 0, 0, 10, 6, 1, 5, 8, 0, 8, 0, 2
      42        1549.6      2460.0  2421, 0, 0, 6, 6, 1, 8, 8, 0, 8, 0, 2
      43        1628.3      2453.0  2414, 0, 0, 6, 6, 0, 9, 8, 0, 8, 0, 2
      44        1792.2      2409.0  2370, 0, 0, 4, 6, 0, 11, 8, 0, 8, 0, 2
      45        2873.3      2390.0  2355, 0, 0, 10, 5, 2, 5, 8, 0, 3, 0, 2
      46        2896.1      2281.0  2247, 0, 0, 8, 5, 2, 6, 8, 0, 3, 0, 2
      47        2910.6      2237.0  2203, 0, 0, 6, 5, 2, 8, 8, 0, 3, 0, 2
      48        2947.2      2230.0  2196, 0, 0, 6, 5, 1, 9, 8, 0, 3, 0, 2
      49        3018.3      2186.0  2152, 0, 0, 4, 5, 1, 11, 8, 0, 3, 0, 2
      50        4231.4      2107.0  2076, 0, 0, 6, 5, 1, 8, 8, 0, 3, 0, 0
      51        4348.1      2100.0  2069, 0, 0, 6, 5, 0, 9, 8, 0, 3, 0, 0
      52        4400.9      2056.0  2025, 0, 0, 4, 5, 0, 11, 8, 0, 3, 0, 0
      53      136818.3      2019.0  1988, 0, 0, 6, 4, 0, 11, 4, 0, 4, 0, 2
      54      136838.9      1991.0  1961, 0, 0, 6, 6, 1, 7, 4, 0, 4, 0, 2
      55      141943.8      1962.0  1934, 0, 0, 8, 4, 0, 9, 4, 0, 3, 0, 0
      56      142136.4      1918.0  1890, 0, 0, 6, 4, 0, 11, 4, 0, 3, 0, 0
      57      142191.9      1905.0  1878, 0, 0, 6, 7, 1, 6, 4, 0, 3, 0, 0
      58      142194.4      1890.0  1863, 0, 0, 6, 6, 1, 7, 4, 0, 3, 0, 0
      59      142392.5      1854.0  1828, 0, 0, 8, 5, 1, 5, 4, 0, 3, 0, 0

--- Solution (notes MIDI) ---
52 53 50 48 48 50 55 53 52 67 67 65 65 65 65 64 64 60 60 59 59 59 59 57 55 
