========================================
  RÉSULTATS : 3voices_1_1_4_vtype_2_4
========================================

--- Configuration ---
CF                : 8 (Do Reference Grave)
Gamme indicative  : Majeur
Preset            : bryce
Borrow mode       : 0
Mode d'objectif   : pond (score lex pondéré)
Nombre de voix    : 3
Espèces (incl CF) : 1 0 3
v_type            : 2 4
Timeout max (ms)  : 180000
Stagnation (ms)   : 0
Cantus firmus     : 48 50 53 52 55 53 52 50 48
                    Do3 Ré3 Fa3 Mi3 Sol3 Fa3 Mi3 Ré3 Do3

--- Métriques de recherche ---
Temps total (ms)            : 180000.2
Temps 1ère solution (ms)    : 98.0
Temps dernière amélio. (ms) : 179179.8
Solutions trouvées          : 59
Améliorations de coût       : 59
Score pondéré           : 1991.0
Terminaison                 : TIMEOUT_MAX

--- Statistiques Gecode ---
Nœuds      : 539095
Échecs     : 269477
Restarts   : 0
Propagat.  : 367851826
Profondeur : 90

--- Améliorations ---
    Sol#    Temps (ms)       Coût
       1          98.0      9020.0
       2         102.1      8941.0
       3         103.3      8796.0
       4         124.9      6743.0
       5         127.6      6722.0
       6         128.8      6316.0
       7         130.0      5936.0
       8         131.3      5850.0
       9         135.3      5596.0
      10         171.5      5416.0
      11         204.7      5343.0
      12         233.4      5193.0
      13         234.9      4953.0
      14         236.6      4800.0
      15         238.2      4554.0
      16         240.5      4402.0
      17         306.3      4366.0
      18         317.9      4337.0
      19         426.5      4292.0
      20         518.4      4279.0
      21         533.2      4235.0
      22         540.4      4206.0
      23         579.8      4191.0
      24         588.6      4162.0
      25        1868.6      4156.0
      26        1925.9      4111.0
      27        1935.8      3937.0
      28        3095.7      3648.0
      29        3107.5      3497.0
      30        3111.4      3381.0
      31        3112.9      3331.0
      32        3116.8      3294.0
      33        3118.8      3207.0
      34        3321.7      3186.0
      35        3327.5      3157.0
      36        3328.7      3149.0
      37        3330.2      3062.0
      38        3393.0      3040.0
      39        3394.5      2953.0
      40        3431.9      2909.0
      41        3618.7      2865.0
      42        4469.9      2780.0
      43        4492.6      2686.0
      44        4502.6      2642.0
      45        4504.4      2627.0
      46        4512.9      2453.0
      47        4680.7      2409.0
      48        7018.3      2382.0
      49        7709.5      2354.0
      50        7726.9      2201.0
      51        7800.2      2157.0
      52        8776.4      2107.0
      53        8886.4      2065.0
      54        8998.4      2056.0
      55      171785.9      2035.0
      56      171788.6      2020.0
      57      179016.9      2019.0
      58      179178.0      2006.0
      59      179179.8      1991.0

--- Évolution du vecteur de coûts (toutes les solutions BAB) ---
    Sol#    Temps (ms)        Cost  Vecteur lex
       1          98.0      9020.0  8885, 0, 6, 14, 52, 5, 6, 8, 0, 42, 0, 2
       2         102.1      8941.0  8807, 0, 6, 12, 54, 5, 5, 8, 0, 42, 0, 2
       3         103.3      8796.0  8664, 0, 6, 12, 53, 5, 4, 8, 0, 42, 0, 2
       4         124.9      6743.0  6637, 0, 8, 14, 22, 5, 5, 8, 0, 42, 0, 2
       5         127.6      6722.0  6616, 0, 6, 14, 24, 6, 4, 8, 0, 42, 0, 2
       6         128.8      6316.0  6215, 0, 6, 12, 22, 5, 4, 8, 0, 42, 0, 2
       7         130.0      5936.0  5840, 0, 6, 16, 12, 6, 4, 8, 0, 42, 0, 2
       8         131.3      5850.0  5755, 0, 6, 14, 14, 5, 4, 8, 0, 42, 0, 2
       9         135.3      5596.0  5504, 0, 6, 12, 13, 5, 4, 8, 0, 42, 0, 2
      10         171.5      5416.0  5326, 0, 4, 12, 14, 4, 4, 8, 0, 42, 0, 2
      11         204.7      5343.0  5253, 0, 4, 8, 15, 4, 7, 8, 0, 42, 0, 2
      12         233.4      5193.0  5105, 0, 0, 12, 16, 3, 5, 8, 0, 42, 0, 2
      13         234.9      4953.0  4868, 0, 0, 12, 13, 3, 5, 8, 0, 42, 0, 2
      14         236.6      4800.0  4717, 0, 0, 12, 11, 4, 4, 8, 0, 42, 0, 2
      15         238.2      4554.0  4474, 0, 0, 10, 11, 3, 4, 8, 0, 42, 0, 2
      16         240.5      4402.0  4324, 0, 0, 10, 10, 2, 4, 8, 0, 42, 0, 2
      17         306.3      4366.0  4288, 0, 0, 8, 11, 1, 6, 8, 0, 42, 0, 2
      18         317.9      4337.0  4259, 0, 0, 6, 12, 1, 7, 8, 0, 42, 0, 2
      19         426.5      4292.0  4214, 0, 0, 6, 9, 1, 10, 8, 0, 42, 0, 2
      20         518.4      4279.0  4203, 0, 0, 12, 8, 1, 3, 8, 0, 42, 0, 2
      21         533.2      4235.0  4159, 0, 0, 10, 8, 1, 5, 8, 0, 42, 0, 2
      22         540.4      4206.0  4130, 0, 0, 8, 9, 1, 6, 8, 0, 42, 0, 2
      23         579.8      4191.0  4115, 0, 0, 8, 8, 1, 7, 8, 0, 42, 0, 2
      24         588.6      4162.0  4086, 0, 0, 6, 9, 1, 8, 8, 0, 42, 0, 2
      25        1868.6      4156.0  4082, 0, 0, 8, 10, 0, 6, 8, 0, 42, 0, 0
      26        1925.9      4111.0  4037, 0, 0, 8, 7, 0, 9, 8, 0, 42, 0, 0
      27        1935.8      3937.0  3865, 0, 0, 6, 7, 0, 9, 8, 0, 42, 0, 0
      28        3095.7      3648.0  3595, 0, 2, 16, 8, 5, 0, 10, 0, 10, 0, 2
      29        3107.5      3497.0  3445, 0, 0, 14, 10, 3, 3, 10, 0, 10, 0, 2
      30        3111.4      3381.0  3330, 0, 0, 12, 10, 2, 5, 10, 0, 10, 0, 2
      31        3112.9      3331.0  3281, 0, 0, 12, 11, 2, 3, 10, 0, 10, 0, 2
      32        3116.8      3294.0  3244, 0, 0, 10, 11, 3, 4, 10, 0, 10, 0, 2
      33        3118.8      3207.0  3158, 0, 0, 10, 10, 2, 5, 10, 0, 10, 0, 2
      34        3321.7      3186.0  3138, 0, 0, 14, 8, 0, 4, 10, 0, 10, 0, 2
      35        3327.5      3157.0  3109, 0, 0, 12, 9, 0, 5, 10, 0, 10, 0, 2
      36        3328.7      3149.0  3101, 0, 0, 12, 8, 1, 5, 10, 0, 10, 0, 2
      37        3330.2      3062.0  3015, 0, 0, 12, 7, 0, 6, 10, 0, 10, 0, 2
      38        3393.0      3040.0  2993, 0, 0, 10, 8, 1, 6, 10, 0, 10, 0, 2
      39        3394.5      2953.0  2907, 0, 0, 10, 7, 0, 7, 10, 0, 10, 0, 2
      40        3431.9      2909.0  2863, 0, 0, 8, 7, 0, 9, 10, 0, 10, 0, 2
      41        3618.7      2865.0  2819, 0, 0, 6, 7, 0, 11, 10, 0, 10, 0, 2
      42        4469.9      2780.0  2738, 0, 0, 12, 6, 0, 6, 8, 0, 8, 0, 2
      43        4492.6      2686.0  2645, 0, 0, 10, 7, 0, 6, 8, 0, 8, 0, 2
      44        4502.6      2642.0  2601, 0, 0, 8, 7, 0, 8, 8, 0, 8, 0, 2
      45        4504.4      2627.0  2586, 0, 0, 8, 6, 0, 9, 8, 0, 8, 0, 2
      46        4512.9      2453.0  2414, 0, 0, 6, 6, 0, 9, 8, 0, 8, 0, 2
      47        4680.7      2409.0  2370, 0, 0, 4, 6, 0, 11, 8, 0, 8, 0, 2
      48        7018.3      2382.0  2344, 0, 0, 4, 7, 1, 10, 8, 0, 4, 0, 4
      49        7709.5      2354.0  2319, 0, 0, 10, 5, 0, 6, 8, 0, 4, 0, 2
      50        7726.9      2201.0  2167, 0, 0, 6, 5, 0, 9, 8, 0, 4, 0, 2
      51        7800.2      2157.0  2123, 0, 0, 4, 5, 0, 11, 8, 0, 4, 0, 2
      52        8776.4      2107.0  2076, 0, 0, 6, 5, 1, 8, 8, 0, 3, 0, 0
      53        8886.4      2065.0  2035, 0, 0, 6, 7, 0, 6, 8, 0, 3, 0, 0
      54        8998.4      2056.0  2025, 0, 0, 4, 5, 0, 11, 8, 0, 3, 0, 0
      55      171785.9      2035.0  2005, 0, 0, 6, 7, 2, 6, 4, 0, 3, 0, 2
      56      171788.6      2020.0  1990, 0, 0, 6, 6, 2, 7, 4, 0, 3, 0, 2
      57      179016.9      2019.0  1988, 0, 0, 6, 4, 0, 11, 4, 0, 4, 0, 2
      58      179178.0      2006.0  1976, 0, 0, 6, 7, 1, 6, 4, 0, 4, 0, 2
      59      179179.8      1991.0  1961, 0, 0, 6, 6, 1, 7, 4, 0, 4, 0, 2

--- Solution (notes MIDI) ---
57 53 50 48 48 50 55 53 52 81 81 81 81 77 77 76 76 72 72 71 71 71 71 69 67 
