========================================
  RÉSULTATS : 3voices_1_1_4_vtype_3_4
========================================

--- Configuration ---
CF                : 8 (Do Reference Grave)
Gamme indicative  : Majeur
Preset            : bryce
Borrow mode       : 0
Mode d'objectif   : pond (score lex pondéré)
Nombre de voix    : 3
Espèces (incl CF) : 1 0 3
v_type            : 3 4
Timeout max (ms)  : 180000
Stagnation (ms)   : 0
Cantus firmus     : 48 50 53 52 55 53 52 50 48
                    Do3 Ré3 Fa3 Mi3 Sol3 Fa3 Mi3 Ré3 Do3

--- Métriques de recherche ---
Temps total (ms)            : 180000.0
Temps 1ère solution (ms)    : 19.6
Temps dernière amélio. (ms) : 178877.4
Solutions trouvées          : 37
Améliorations de coût       : 36
Score pondéré           : 1263.0
Terminaison                 : TIMEOUT_MAX

--- Statistiques Gecode ---
Nœuds      : 1872314
Échecs     : 936112
Restarts   : 0
Propagat.  : 1290086969
Profondeur : 69

--- Améliorations ---
    Sol#    Temps (ms)       Coût
       1          19.6      4724.0
       2          20.4      4484.0
       3          20.7      4317.0
       4          21.0      4078.0
       5          23.7      4007.0
       6          23.9      3768.0
       7          57.6      3761.0
       8         122.7      3724.0
       9         414.3      3638.0
      10         424.2      3573.0
      11        3723.9      3465.0
      12        3790.7      3442.0
      13        8468.2      3441.0
      14       53489.3      3313.0
      15       53518.0      3240.0
      16       58273.8      3135.0
      17       58274.6      2896.0
      18       58287.4      2663.0
      19       58298.7      2590.0
      20       58298.9      2351.0
      21       58329.5      2206.0
      22       58337.1      2199.0
      23       60429.0      2192.0
      24       60459.5      2032.0
      25       60476.6      2025.0
      26       60519.1      1967.0
      27       60537.1      1952.0
      28       67429.0      1894.0
      30       68060.6      1720.0
      31       94799.8      1654.0
      32       94802.2      1545.0
      33       96339.0      1531.0
      34       97153.9      1500.0
      35      157394.5      1430.0
      36      157397.0      1321.0
      37      178877.4      1263.0

--- Évolution du vecteur de coûts (toutes les solutions BAB) ---
    Sol#    Temps (ms)        Cost  Vecteur lex
       1          19.6      4724.0  4641, 0, 0, 14, 7, 10, 0, 4, 0, 43, 0, 5
       2          20.4      4484.0  4404, 0, 0, 14, 4, 10, 0, 4, 0, 43, 0, 5
       3          20.7      4317.0  4239, 0, 0, 14, 2, 9, 1, 4, 0, 43, 0, 5
       4          21.0      4078.0  4003, 0, 0, 12, 2, 9, 0, 4, 0, 43, 0, 5
       5          23.7      4007.0  3933, 0, 0, 12, 3, 6, 1, 4, 0, 43, 0, 5
       6          23.9      3768.0  3697, 0, 0, 10, 3, 6, 0, 4, 0, 43, 0, 5
       7          57.6      3761.0  3690, 0, 0, 10, 3, 5, 1, 4, 0, 43, 0, 5
       8         122.7      3724.0  3653, 0, 0, 10, 3, 4, 2, 2, 0, 45, 0, 5
       9         414.3      3638.0  3570, 0, 0, 10, 3, 3, 4, 2, 0, 43, 0, 3
      10         424.2      3573.0  3506, 0, 0, 10, 3, 3, 3, 2, 0, 43, 0, 3
      11        3723.9      3465.0  3401, 0, 0, 8, 4, 3, 5, 2, 0, 41, 0, 1
      12        3790.7      3442.0  3378, 0, 0, 8, 2, 4, 6, 2, 0, 41, 0, 1
      13        8468.2      3441.0  3377, 0, 0, 8, 3, 6, 1, 2, 0, 44, 0, 0
      14       53489.3      3313.0  3251, 0, 0, 8, 3, 2, 7, 0, 0, 40, 0, 2
      15       53518.0      3240.0  3179, 0, 0, 8, 2, 3, 6, 0, 0, 40, 0, 2
      16       58273.8      3135.0  3088, 0, 0, 12, 10, 6, 3, 4, 0, 6, 0, 6
      17       58274.6      2896.0  2852, 0, 0, 10, 10, 6, 2, 4, 0, 6, 0, 6
      18       58287.4      2663.0  2622, 0, 0, 10, 7, 7, 1, 4, 0, 6, 0, 6
      19       58298.7      2590.0  2550, 0, 0, 12, 4, 6, 2, 4, 0, 6, 0, 6
      20       58298.9      2351.0  2314, 0, 0, 10, 4, 6, 1, 4, 0, 6, 0, 6
      21       58329.5      2206.0  2171, 0, 0, 10, 3, 6, 0, 4, 0, 6, 0, 6
      22       58337.1      2199.0  2164, 0, 0, 10, 3, 5, 1, 4, 0, 6, 0, 6
      23       60429.0      2192.0  2158, 0, 0, 8, 5, 3, 6, 2, 0, 6, 0, 4
      24       60459.5      2032.0  2000, 0, 0, 8, 3, 3, 6, 2, 0, 6, 0, 4
      25       60476.6      2025.0  1993, 0, 0, 8, 3, 2, 7, 2, 0, 6, 0, 4
      26       60519.1      1967.0  1936, 0, 0, 8, 3, 3, 5, 2, 0, 6, 0, 4
      27       60537.1      1952.0  1921, 0, 0, 8, 2, 3, 6, 2, 0, 6, 0, 4
      28       67429.0      1894.0  1865, 0, 0, 10, 2, 5, 0, 2, 0, 7, 0, 3
      29       67843.7      1894.0  1865, 0, 0, 10, 2, 3, 2, 2, 0, 8, 0, 2
      30       68060.6      1720.0  1694, 0, 0, 8, 2, 6, 0, 2, 0, 6, 0, 2
      31       94799.8      1654.0  1628, 0, 0, 6, 2, 6, 1, 2, 0, 7, 0, 2
      32       94802.2      1545.0  1520, 0, 0, 4, 2, 6, 2, 2, 0, 7, 0, 2
      33       96339.0      1531.0  1507, 0, 0, 6, 2, 5, 2, 0, 0, 7, 0, 2
      34       97153.9      1500.0  1476, 0, 0, 4, 2, 6, 2, 0, 0, 10, 0, 0
      35      157394.5      1430.0  1407, 0, 0, 6, 1, 6, 1, 0, 0, 5, 0, 4
      36      157397.0      1321.0  1299, 0, 0, 4, 1, 6, 2, 0, 0, 5, 0, 4
      37      178877.4      1263.0  1243, 0, 0, 4, 1, 6, 2, 0, 0, 5, 0, 2

--- Solution (notes MIDI) ---
60 65 69 67 62 60 59 57 55 76 76 74 74 72 72 71 71 71 71 69 69 67 67 65 64 
