========================================
  RÉSULTATS : 3voices_1_1_4_vtype_3_3
========================================

--- Configuration ---
CF                : 8 (Do Reference Grave)
Gamme indicative  : Majeur
Preset            : bryce
Borrow mode       : 0
Mode d'objectif   : pond (score lex pondéré)
Nombre de voix    : 3
Espèces (incl CF) : 1 0 3
v_type            : 3 3
Timeout max (ms)  : 180000
Stagnation (ms)   : 0
Cantus firmus     : 48 50 53 52 55 53 52 50 48
                    Do3 Ré3 Fa3 Mi3 Sol3 Fa3 Mi3 Ré3 Do3

--- Métriques de recherche ---
Temps total (ms)            : 180000.0
Temps 1ère solution (ms)    : 52.5
Temps dernière amélio. (ms) : 160425.8
Solutions trouvées          : 53
Améliorations de coût       : 53
Score pondéré           : 1720.0
Terminaison                 : TIMEOUT_MAX

--- Statistiques Gecode ---
Nœuds      : 649053
Échecs     : 324466
Restarts   : 0
Propagat.  : 447246872
Profondeur : 74

--- Améliorations ---
    Sol#    Temps (ms)       Coût
       1          52.5     11036.0
       2          53.3     10964.0
       3          54.8     10928.0
       4          56.6     10863.0
       5          61.8      8106.0
       6          62.4      8018.0
       7          63.0      7917.0
       8          69.2      7852.0
       9          69.5      7743.0
      10          70.6      7663.0
      11          76.0      7524.0
      12          84.7      7510.0
      13          85.6      7495.0
      14         106.9      7416.0
      15         109.2      6989.0
      16         144.0      5203.0
      17         146.7      4963.0
      18         149.8      4905.0
      19         150.6      4564.0
      20         152.1      4557.0
      21         154.2      4550.0
      22         156.3      4535.0
      23         177.4      4479.0
      24         178.3      4290.0
      25         359.3      4266.0
      26         371.2      3956.0
      27         422.9      3789.0
      28         444.9      3724.0
      29        1524.1      3638.0
      30        1588.3      3573.0
      31       17187.8      3457.0
      32       17217.1      3450.0
      33       17535.2      3442.0
      34       36323.9      3441.0
      35      133886.7      3437.0
      36      133939.6      3240.0
      37      153316.6      3137.0
      38      153317.2      3028.0
      39      153333.7      2899.0
      40      153334.8      2884.0
      41      153405.5      2716.0
      42      153430.4      2565.0
      43      153454.7      2550.0
      44      153709.8      2538.0
      45      153812.3      2494.0
      46      153823.4      2479.0
      47      155382.7      2438.0
      48      155384.2      2249.0
      49      155423.1      2241.0
      50      155437.8      2060.0
      51      160336.8      2025.0
      52      160374.7      1945.0
      53      160425.8      1720.0

--- Évolution du vecteur de coûts (toutes les solutions BAB) ---
    Sol#    Temps (ms)        Cost  Vecteur lex
       1          52.5     11036.0  10874, 0, 0, 18, 83, 7, 2, 2, 0, 45, 0, 5
       2          53.3     10964.0  10803, 0, 0, 18, 83, 6, 2, 2, 0, 45, 0, 5
       3          54.8     10928.0  10767, 0, 0, 16, 84, 5, 4, 2, 0, 45, 0, 5
       4          56.6     10863.0  10703, 0, 0, 16, 84, 5, 3, 2, 0, 45, 0, 5
       5          61.8      8106.0  7981, 0, 2, 16, 48, 5, 2, 2, 0, 45, 0, 5
       6          62.4      8018.0  7894, 0, 2, 16, 46, 6, 2, 2, 0, 45, 0, 5
       7          63.0      7917.0  7794, 0, 2, 14, 47, 5, 3, 2, 0, 45, 0, 5
       8          69.2      7852.0  7730, 0, 0, 18, 45, 5, 2, 2, 0, 45, 0, 5
       9          69.5      7743.0  7622, 0, 0, 16, 45, 5, 3, 2, 0, 45, 0, 5
      10          70.6      7663.0  7543, 0, 0, 16, 44, 5, 3, 2, 0, 45, 0, 5
      11          76.0      7524.0  7405, 0, 0, 12, 44, 7, 4, 2, 0, 45, 0, 5
      12          84.7      7510.0  7391, 0, 0, 12, 44, 5, 6, 2, 0, 45, 0, 5
      13          85.6      7495.0  7376, 0, 0, 12, 43, 5, 7, 2, 0, 45, 0, 5
      14         106.9      7416.0  7299, 0, 2, 12, 43, 4, 4, 2, 0, 45, 0, 5
      15         109.2      6989.0  6877, 0, 0, 10, 43, 4, 3, 2, 0, 45, 0, 5
      16         144.0      5203.0  5113, 0, 0, 16, 10, 5, 7, 2, 0, 45, 0, 5
      17         146.7      4963.0  4876, 0, 0, 16, 7, 5, 7, 2, 0, 45, 0, 5
      18         149.8      4905.0  4819, 0, 0, 16, 7, 6, 5, 2, 0, 45, 0, 5
      19         150.6      4564.0  4482, 0, 0, 14, 5, 5, 6, 2, 0, 45, 0, 5
      20         152.1      4557.0  4475, 0, 0, 14, 5, 4, 7, 2, 0, 45, 0, 5
      21         154.2      4550.0  4468, 0, 0, 14, 5, 3, 8, 2, 0, 45, 0, 5
      22         156.3      4535.0  4453, 0, 0, 14, 4, 3, 9, 2, 0, 45, 0, 5
      23         177.4      4479.0  4399, 0, 0, 16, 6, 3, 3, 2, 0, 45, 0, 5
      24         178.3      4290.0  4212, 0, 0, 14, 5, 3, 4, 2, 0, 45, 0, 5
      25         359.3      4266.0  4188, 0, 0, 12, 4, 8, 2, 2, 0, 45, 0, 5
      26         371.2      3956.0  3882, 0, 0, 10, 5, 5, 2, 2, 0, 45, 0, 5
      27         422.9      3789.0  3717, 0, 0, 10, 3, 4, 3, 2, 0, 45, 0, 5
      28         444.9      3724.0  3653, 0, 0, 10, 3, 4, 2, 2, 0, 45, 0, 5
      29        1524.1      3638.0  3570, 0, 0, 10, 3, 3, 4, 2, 0, 43, 0, 3
      30        1588.3      3573.0  3506, 0, 0, 10, 3, 3, 3, 2, 0, 43, 0, 3
      31       17187.8      3457.0  3393, 0, 0, 8, 3, 4, 5, 2, 0, 41, 0, 1
      32       17217.1      3450.0  3386, 0, 0, 8, 3, 3, 6, 2, 0, 41, 0, 1
      33       17535.2      3442.0  3378, 0, 0, 8, 2, 4, 6, 2, 0, 41, 0, 1
      34       36323.9      3441.0  3377, 0, 0, 8, 3, 6, 1, 2, 0, 44, 0, 0
      35      133886.7      3437.0  3374, 0, 0, 10, 4, 2, 5, 0, 0, 40, 0, 2
      36      133939.6      3240.0  3179, 0, 0, 8, 2, 3, 6, 0, 0, 40, 0, 2
      37      153316.6      3137.0  3089, 0, 0, 18, 3, 6, 1, 2, 0, 14, 0, 4
      38      153317.2      3028.0  2981, 0, 0, 16, 3, 6, 2, 2, 0, 14, 0, 4
      39      153333.7      2899.0  2853, 0, 0, 12, 6, 3, 5, 2, 0, 14, 0, 4
      40      153334.8      2884.0  2838, 0, 0, 12, 5, 3, 6, 2, 0, 14, 0, 4
      41      153405.5      2716.0  2672, 0, 0, 12, 2, 4, 6, 2, 0, 14, 0, 4
      42      153430.4      2565.0  2524, 0, 2, 12, 2, 2, 3, 2, 0, 14, 0, 4
      43      153454.7      2550.0  2508, 0, 0, 10, 3, 3, 6, 2, 0, 14, 0, 4
      44      153709.8      2538.0  2498, 0, 2, 14, 2, 2, 1, 2, 0, 11, 0, 6
      45      153812.3      2494.0  2454, 0, 2, 12, 2, 2, 3, 2, 0, 11, 0, 6
      46      153823.4      2479.0  2438, 0, 0, 10, 3, 3, 6, 2, 0, 11, 0, 6
      47      155382.7      2438.0  2402, 0, 0, 12, 5, 3, 4, 2, 0, 8, 0, 2
      48      155384.2      2249.0  2215, 0, 0, 10, 4, 3, 5, 2, 0, 8, 0, 2
      49      155423.1      2241.0  2207, 0, 0, 10, 3, 4, 5, 2, 0, 8, 0, 2
      50      155437.8      2060.0  2028, 0, 0, 8, 3, 3, 6, 2, 0, 8, 0, 2
      51      160336.8      2025.0  1995, 0, 0, 8, 5, 6, 1, 2, 0, 6, 0, 2
      52      160374.7      1945.0  1916, 0, 0, 8, 4, 6, 1, 2, 0, 6, 0, 2
      53      160425.8      1720.0  1694, 0, 0, 8, 2, 6, 0, 2, 0, 6, 0, 2

--- Solution (notes MIDI) ---
60 62 69 72 74 72 71 69 67 76 76 74 74 74 74 72 72 71 71 69 69 67 67 65 64 
