========================================
  RÉSULTATS : 2voices_1_3_vtype_1
========================================

--- Configuration ---
CF                : 8 (Do Reference Grave)
Gamme indicative  : Majeur
Preset            : bryce
Borrow mode       : 0
Mode d'objectif   : pond (score lex pondéré)
Nombre de voix    : 2
Espèces (incl CF) : 1 2
v_type            : 1
Timeout max (ms)  : 180000
Stagnation (ms)   : 0
Cantus firmus     : 48 50 53 52 55 53 52 50 48
                    Do3 Ré3 Fa3 Mi3 Sol3 Fa3 Mi3 Ré3 Do3

--- Métriques de recherche ---
Temps total (ms)            : 180000.0
Temps 1ère solution (ms)    : 8.0
Temps dernière amélio. (ms) : 158248.1
Solutions trouvées          : 90
Améliorations de coût       : 88
Score pondéré           : 4323.0
Terminaison                 : TIMEOUT_MAX

--- Statistiques Gecode ---
Nœuds      : 3012675
Échecs     : 1506236
Restarts   : 0
Propagat.  : 2281165993
Profondeur : 69

--- Améliorations ---
    Sol#    Temps (ms)       Coût
       1           8.0     10151.0
       2           8.5      9947.0
       3           8.6      9896.0
       4           8.8      9845.0
       5           9.0      9794.0
       6           9.1      9743.0
       7           9.1      9692.0
       8           9.2      9641.0
       9           9.3      9590.0
      10           9.4      9539.0
      11           9.4      9488.0
      12           9.5      9437.0
      13           9.6      9386.0
      14           9.6      9335.0
      15           9.7      9284.0
      16           9.8      9233.0
      17           9.8      9182.0
      18           9.9      9131.0
      19          10.0      9080.0
      20          10.1      9029.0
      21          10.1      8978.0
      22          10.2      8927.0
      23          10.2      8723.0
      24          10.7      8565.0
      25          11.5      8423.0
      26          12.4      8390.0
      27          12.8      8339.0
      28          12.9      8288.0
      29          13.1      8237.0
      30          13.2      8033.0
      31          25.7      7995.0
      32          25.9      7944.0
      33          25.9      7893.0
      34          26.0      7842.0
      35          26.1      7791.0
      36          26.2      7740.0
      37          26.3      7689.0
      38          26.4      7638.0
      39          26.5      7587.0
      40          26.5      7536.0
      41          26.6      7485.0
      42          26.7      7434.0
      43          26.7      7383.0
      44          26.8      7332.0
      45          26.9      7281.0
      46          26.9      7230.0
      47          27.0      7179.0
      48          27.1      7128.0
      49          27.2      7077.0
      50          27.2      6873.0
      51         197.4      6855.0
      53         452.7      6838.0
      54         461.8      6794.0
      55         491.5      6732.0
      56         576.3      6653.0
      57         804.1      6555.0
      58         807.6      6387.0
      59         939.9      6307.0
      60        1396.5      6184.0
      61        4841.1      6167.0
      62        8058.5      6105.0
      64       18556.1      5920.0
      65       21202.6      5840.0
      66       51840.8      5777.0
      67       52241.5      5716.0
      68       52723.3      5654.0
      69       54704.0      5620.0
      70       54746.1      5540.0
      71       56571.1      5479.0
      72       56684.7      5399.0
      73       57700.7      5372.0
      74       57725.7      5310.0
      75       57807.8      5231.0
      76       58409.6      5169.0
      77       64604.2      5126.0
      78       75775.6      5045.0
      79      102714.8      5008.0
      80      102886.4      4928.0
      81      106054.9      4866.0
      82      106765.5      4821.0
      83      106798.6      4804.0
      84      106798.7      4600.0
      85      137735.9      4589.0
      86      146185.0      4527.0
      87      149702.4      4509.0
      88      157053.1      4446.0
      89      157457.1      4385.0
      90      158248.1      4323.0

--- Évolution du vecteur de coûts (toutes les solutions BAB) ---
    Sol#    Temps (ms)        Cost  Vecteur lex
       1           8.0     10151.0  9940, 29, 2, 0, 18, 6, 28, 0, 128
       2           8.5      9947.0  9740, 29, 2, 0, 18, 6, 24, 0, 128
       3           8.6      9896.0  9690, 29, 2, 0, 18, 6, 23, 0, 128
       4           8.8      9845.0  9640, 29, 2, 0, 18, 6, 22, 0, 128
       5           9.0      9794.0  9590, 29, 2, 0, 18, 6, 21, 0, 128
       6           9.1      9743.0  9540, 29, 2, 0, 18, 6, 20, 0, 128
       7           9.1      9692.0  9490, 29, 2, 0, 18, 6, 19, 0, 128
       8           9.2      9641.0  9440, 29, 2, 0, 18, 6, 18, 0, 128
       9           9.3      9590.0  9390, 29, 2, 0, 18, 6, 17, 0, 128
      10           9.4      9539.0  9340, 29, 2, 0, 18, 6, 16, 0, 128
      11           9.4      9488.0  9290, 29, 2, 0, 18, 6, 15, 0, 128
      12           9.5      9437.0  9240, 29, 2, 0, 18, 6, 14, 0, 128
      13           9.6      9386.0  9190, 29, 2, 0, 18, 6, 13, 0, 128
      14           9.6      9335.0  9140, 29, 2, 0, 18, 6, 12, 0, 128
      15           9.7      9284.0  9090, 29, 2, 0, 18, 6, 11, 0, 128
      16           9.8      9233.0  9040, 29, 2, 0, 18, 6, 10, 0, 128
      17           9.8      9182.0  8990, 29, 2, 0, 18, 6, 9, 0, 128
      18           9.9      9131.0  8940, 29, 2, 0, 18, 6, 8, 0, 128
      19          10.0      9080.0  8890, 29, 2, 0, 18, 6, 7, 0, 128
      20          10.1      9029.0  8840, 29, 2, 0, 18, 6, 6, 0, 128
      21          10.1      8978.0  8790, 29, 2, 0, 18, 6, 5, 0, 128
      22          10.2      8927.0  8740, 29, 2, 0, 18, 6, 4, 0, 128
      23          10.2      8723.0  8540, 29, 2, 0, 18, 6, 0, 0, 128
      24          10.7      8565.0  8390, 30, 1, 0, 20, 6, 0, 0, 118
      25          11.5      8423.0  8250, 30, 1, 0, 18, 6, 0, 0, 118
      26          12.4      8390.0  8220, 30, 1, 0, 16, 6, 7, 0, 110
      27          12.8      8339.0  8170, 30, 1, 0, 16, 6, 6, 0, 110
      28          12.9      8288.0  8120, 30, 1, 0, 16, 6, 5, 0, 110
      29          13.1      8237.0  8070, 30, 1, 0, 16, 6, 4, 0, 110
      30          13.2      8033.0  7870, 30, 1, 0, 16, 6, 0, 0, 110
      31          25.7      7995.0  7850, 30, 1, 0, 18, 6, 22, 0, 68
      32          25.9      7944.0  7800, 30, 1, 0, 18, 6, 21, 0, 68
      33          25.9      7893.0  7750, 30, 1, 0, 18, 6, 20, 0, 68
      34          26.0      7842.0  7700, 30, 1, 0, 18, 6, 19, 0, 68
      35          26.1      7791.0  7650, 30, 1, 0, 18, 6, 18, 0, 68
      36          26.2      7740.0  7600, 30, 1, 0, 18, 6, 17, 0, 68
      37          26.3      7689.0  7550, 30, 1, 0, 18, 6, 16, 0, 68
      38          26.4      7638.0  7500, 30, 1, 0, 18, 6, 15, 0, 68
      39          26.5      7587.0  7450, 30, 1, 0, 18, 6, 14, 0, 68
      40          26.5      7536.0  7400, 30, 1, 0, 18, 6, 13, 0, 68
      41          26.6      7485.0  7350, 30, 1, 0, 18, 6, 12, 0, 68
      42          26.7      7434.0  7300, 30, 1, 0, 18, 6, 11, 0, 68
      43          26.7      7383.0  7250, 30, 1, 0, 18, 6, 10, 0, 68
      44          26.8      7332.0  7200, 30, 1, 0, 18, 6, 9, 0, 68
      45          26.9      7281.0  7150, 30, 1, 0, 18, 6, 8, 0, 68
      46          26.9      7230.0  7100, 30, 1, 0, 18, 6, 7, 0, 68
      47          27.0      7179.0  7050, 30, 1, 0, 18, 6, 6, 0, 68
      48          27.1      7128.0  7000, 30, 1, 0, 18, 6, 5, 0, 68
      49          27.2      7077.0  6950, 30, 1, 0, 18, 6, 4, 0, 68
      50          27.2      6873.0  6750, 30, 1, 0, 18, 6, 0, 0, 68
      51         197.4      6855.0  6730, 30, 1, 0, 16, 6, 0, 0, 72
      52         209.2      6856.0  6730, 30, 1, 0, 16, 5, 0, 0, 74
      53         452.7      6838.0  6710, 30, 1, 0, 14, 5, 0, 0, 78
      54         461.8      6794.0  6670, 30, 1, 0, 16, 5, 0, 0, 72
      55         491.5      6732.0  6610, 30, 1, 0, 16, 5, 0, 0, 70
      56         576.3      6653.0  6530, 30, 1, 0, 14, 4, 0, 0, 74
      57         804.1      6555.0  6430, 30, 1, 0, 10, 4, 0, 0, 80
      58         807.6      6387.0  6270, 30, 1, 0, 12, 4, 0, 0, 70
      59         939.9      6307.0  6190, 30, 1, 0, 10, 4, 0, 0, 72
      60        1396.5      6184.0  6070, 30, 1, 0, 10, 3, 0, 0, 70
      61        4841.1      6167.0  6050, 30, 1, 0, 8, 2, 0, 0, 76
      62        8058.5      6105.0  5990, 30, 1, 0, 8, 2, 0, 0, 74
      63       18555.7      6106.0  5990, 30, 1, 0, 8, 1, 0, 0, 76
      64       18556.1      5920.0  5810, 30, 1, 0, 8, 1, 0, 0, 70
      65       21202.6      5840.0  5730, 30, 1, 0, 6, 1, 0, 0, 72
      66       51840.8      5777.0  5670, 30, 1, 0, 6, 2, 0, 0, 68
      67       52241.5      5716.0  5610, 30, 1, 0, 6, 1, 0, 0, 68
      68       52723.3      5654.0  5550, 30, 1, 0, 6, 1, 0, 0, 66
      69       54704.0      5620.0  5530, 31, 1, 0, 12, 4, 0, 0, 42
      70       54746.1      5540.0  5450, 31, 1, 0, 10, 4, 0, 0, 44
      71       56571.1      5479.0  5390, 31, 1, 0, 10, 3, 0, 0, 44
      72       56684.7      5399.0  5310, 31, 1, 0, 8, 3, 0, 0, 46
      73       57700.7      5372.0  5290, 31, 1, 0, 12, 4, 0, 0, 34
      74       57725.7      5310.0  5230, 31, 1, 0, 12, 4, 0, 0, 32
      75       57807.8      5231.0  5150, 31, 1, 0, 10, 3, 0, 0, 36
      76       58409.6      5169.0  5090, 31, 1, 0, 10, 3, 0, 0, 34
      77       64604.2      5126.0  5050, 31, 1, 0, 12, 2, 0, 0, 30
      78       75775.6      5045.0  4970, 31, 1, 0, 10, 3, 0, 0, 30
      79      102714.8      5008.0  4930, 30, 1, 0, 10, 1, 0, 0, 36
      80      102886.4      4928.0  4850, 30, 1, 0, 8, 1, 0, 0, 38
      81      106054.9      4866.0  4790, 30, 1, 0, 8, 1, 0, 0, 36
      82      106765.5      4821.0  4750, 30, 1, 0, 10, 2, 0, 0, 28
      83      106798.6      4804.0  4730, 30, 1, 0, 6, 1, 4, 0, 32
      84      106798.7      4600.0  4530, 30, 1, 0, 6, 1, 0, 0, 32
      85      137735.9      4589.0  4520, 30, 0, 0, 8, 1, 0, 0, 30
      86      146185.0      4527.0  4460, 30, 0, 0, 8, 1, 0, 0, 28
      87      149702.4      4509.0  4440, 30, 0, 0, 6, 1, 0, 0, 32
      88      157053.1      4446.0  4380, 30, 0, 0, 6, 2, 0, 0, 28
      89      157457.1      4385.0  4320, 30, 0, 0, 6, 1, 0, 0, 28
      90      158248.1      4323.0  4260, 30, 0, 0, 6, 1, 0, 0, 26

--- Solution (notes MIDI) ---
48 50 52 45 43 47 48 50 45 47 48 50 43 45 47 45 43 48 50 52 45 47 48 50 43 45 47 48 47 45 43 47 48 
