========================================
  RÉSULTATS : 2voices_1_3_vtype_2
========================================

--- Configuration ---
CF                : 8 (Do Reference Grave)
Gamme indicative  : Majeur
Preset            : bryce
Borrow mode       : 0
Mode d'objectif   : pond (score lex pondéré)
Nombre de voix    : 2
Espèces (incl CF) : 1 2
v_type            : 2
Timeout max (ms)  : 180000
Stagnation (ms)   : 0
Cantus firmus     : 48 50 53 52 55 53 52 50 48
                    Do3 Ré3 Fa3 Mi3 Sol3 Fa3 Mi3 Ré3 Do3

--- Métriques de recherche ---
Temps total (ms)            : 180000.0
Temps 1ère solution (ms)    : 10.2
Temps dernière amélio. (ms) : 120798.7
Solutions trouvées          : 86
Améliorations de coût       : 81
Score pondéré           : 3515.0
Terminaison                 : TIMEOUT_MAX

--- Statistiques Gecode ---
Nœuds      : 2722509
Échecs     : 1361159
Restarts   : 0
Propagat.  : 2096028078
Profondeur : 60

--- Améliorations ---
    Sol#    Temps (ms)       Coût
       1          10.2      7619.0
       2          10.5      7415.0
       3          10.6      7364.0
       4          10.6      7313.0
       5          10.7      7262.0
       6          10.8      7211.0
       7          10.9      7160.0
       8          10.9      7109.0
       9          11.0      7058.0
      10          11.1      7007.0
      11          11.2      6956.0
      12          11.2      6905.0
      13          11.3      6854.0
      14          11.4      6803.0
      15          11.4      6599.0
      16          12.2      6369.0
      17          12.5      6165.0
      18          12.6      6114.0
      19          12.7      6063.0
      20          12.8      6012.0
      21          12.9      5961.0
      22          13.0      5910.0
      23          13.1      5859.0
      24          13.1      5808.0
      25          13.2      5757.0
      26          13.2      5553.0
      27          15.4      5531.0
      28          17.9      5480.0
      29          18.1      5328.0
      30          28.0      5290.0
      31          31.9      5251.0
      32          36.1      5222.0
      33          40.8      5098.0
      34          41.9      5088.0
      35          42.5      5047.0
      36          45.1      4997.0
      37          68.5      4867.0
      38          69.3      4857.0
      39         112.6      4845.0
      40         113.4      4795.0
      42         142.3      4787.0
      43         143.4      4777.0
      44         170.9      4766.0
      45         172.3      4726.0
      46         172.5      4716.0
      47         207.9      4664.0
      48         210.0      4654.0
      49         257.2      4551.0
      50         257.4      4541.0
      51         257.5      4500.0
      52         260.9      4460.0
      53         261.7      4450.0
      55         665.9      4438.0
      56         668.9      4398.0
      57         669.1      4388.0
      59         716.2      4239.0
      60         716.3      4229.0
      61        1123.3      4194.0
      62        1125.5      4184.0
      65        1448.9      4166.0
      66        1450.0      4083.0
      67        1451.2      4032.0
      68        1455.6      3992.0
      69        1456.9      3982.0
      70       16590.1      3934.0
      71       16592.5      3924.0
      72       17147.8      3889.0
      73       17149.8      3879.0
      74       17422.5      3863.0
      75       17653.8      3835.0
      76       17854.9      3767.0
      77       17859.4      3698.0
      78       17863.0      3687.0
      79       17863.2      3677.0
      80      110592.5      3660.0
      81      110595.6      3649.0
      82      110595.7      3639.0
      83      120476.4      3587.0
      84      120477.3      3577.0
      85      120796.8      3525.0
      86      120798.7      3515.0

--- Évolution du vecteur de coûts (toutes les solutions BAB) ---
    Sol#    Temps (ms)        Cost  Vecteur lex
       1          10.2      7619.0  7470, 23, 3, 0, 16, 5, 20, 2, 80
       2          10.5      7415.0  7270, 23, 3, 0, 16, 5, 16, 2, 80
       3          10.6      7364.0  7220, 23, 3, 0, 16, 5, 15, 2, 80
       4          10.6      7313.0  7170, 23, 3, 0, 16, 5, 14, 2, 80
       5          10.7      7262.0  7120, 23, 3, 0, 16, 5, 13, 2, 80
       6          10.8      7211.0  7070, 23, 3, 0, 16, 5, 12, 2, 80
       7          10.9      7160.0  7020, 23, 3, 0, 16, 5, 11, 2, 80
       8          10.9      7109.0  6970, 23, 3, 0, 16, 5, 10, 2, 80
       9          11.0      7058.0  6920, 23, 3, 0, 16, 5, 9, 2, 80
      10          11.1      7007.0  6870, 23, 3, 0, 16, 5, 8, 2, 80
      11          11.2      6956.0  6820, 23, 3, 0, 16, 5, 7, 2, 80
      12          11.2      6905.0  6770, 23, 3, 0, 16, 5, 6, 2, 80
      13          11.3      6854.0  6720, 23, 3, 0, 16, 5, 5, 2, 80
      14          11.4      6803.0  6670, 23, 3, 0, 16, 5, 4, 2, 80
      15          11.4      6599.0  6470, 23, 3, 0, 16, 5, 0, 2, 80
      16          12.2      6369.0  6260, 24, 3, 0, 16, 5, 16, 2, 43
      17          12.5      6165.0  6060, 24, 3, 0, 16, 5, 12, 2, 43
      18          12.6      6114.0  6010, 24, 3, 0, 16, 5, 11, 2, 43
      19          12.7      6063.0  5960, 24, 3, 0, 16, 5, 10, 2, 43
      20          12.8      6012.0  5910, 24, 3, 0, 16, 5, 9, 2, 43
      21          12.9      5961.0  5860, 24, 3, 0, 16, 5, 8, 2, 43
      22          13.0      5910.0  5810, 24, 3, 0, 16, 5, 7, 2, 43
      23          13.1      5859.0  5760, 24, 3, 0, 16, 5, 6, 2, 43
      24          13.1      5808.0  5710, 24, 3, 0, 16, 5, 5, 2, 43
      25          13.2      5757.0  5660, 24, 3, 0, 16, 5, 4, 2, 43
      26          13.2      5553.0  5460, 24, 3, 0, 16, 5, 0, 2, 43
      27          15.4      5531.0  5440, 23, 3, 0, 18, 6, 0, 2, 39
      28          17.9      5480.0  5390, 22, 4, 0, 18, 5, 0, 4, 37
      29          18.1      5328.0  5240, 23, 3, 0, 16, 5, 0, 2, 39
      30          28.0      5290.0  5210, 23, 3, 0, 20, 6, 0, 4, 24
      31          31.9      5251.0  5170, 23, 4, 0, 18, 5, 0, 2, 29
      32          36.1      5222.0  5140, 23, 3, 0, 18, 5, 0, 2, 31
      33          40.8      5098.0  5020, 23, 4, 0, 16, 5, 0, 4, 26
      34          41.9      5088.0  5010, 24, 3, 0, 16, 5, 0, 2, 28
      35          42.5      5047.0  4970, 23, 4, 0, 16, 5, 0, 2, 27
      36          45.1      4997.0  4920, 24, 2, 0, 16, 5, 0, 2, 28
      37          68.5      4867.0  4790, 23, 3, 0, 14, 3, 0, 4, 30
      38          69.3      4857.0  4780, 24, 2, 0, 14, 3, 0, 2, 32
      39         112.6      4845.0  4770, 23, 4, 0, 14, 3, 0, 2, 29
      40         113.4      4795.0  4720, 24, 2, 0, 14, 3, 0, 2, 30
      41         139.5      4798.0  4720, 23, 3, 0, 12, 3, 0, 2, 35
      42         142.3      4787.0  4710, 23, 3, 0, 12, 3, 0, 4, 32
      43         143.4      4777.0  4700, 24, 2, 0, 12, 3, 0, 2, 34
      44         170.9      4766.0  4690, 23, 4, 0, 12, 2, 0, 2, 33
      45         172.3      4726.0  4650, 23, 3, 0, 12, 2, 0, 4, 32
      46         172.5      4716.0  4640, 24, 2, 0, 12, 2, 0, 2, 34
      47         207.9      4664.0  4590, 23, 3, 0, 12, 2, 0, 4, 30
      48         210.0      4654.0  4580, 24, 2, 0, 12, 2, 0, 2, 32
      49         257.2      4551.0  4480, 23, 4, 0, 10, 2, 0, 4, 28
      50         257.4      4541.0  4470, 24, 3, 0, 10, 2, 0, 2, 30
      51         257.5      4500.0  4430, 23, 4, 0, 10, 2, 0, 2, 29
      52         260.9      4460.0  4390, 23, 3, 0, 10, 2, 0, 4, 28
      53         261.7      4450.0  4380, 24, 2, 0, 10, 2, 0, 2, 30
      54         596.3      4451.0  4380, 24, 2, 0, 10, 1, 0, 2, 32
      55         665.9      4438.0  4370, 23, 4, 0, 10, 2, 0, 2, 27
      56         668.9      4398.0  4330, 23, 3, 0, 10, 2, 0, 4, 26
      57         669.1      4388.0  4320, 24, 2, 0, 10, 2, 0, 2, 28
      58         714.1      4391.0  4320, 23, 3, 0, 8, 2, 0, 2, 33
      59         716.2      4239.0  4170, 23, 3, 0, 6, 1, 0, 4, 32
      60         716.3      4229.0  4160, 24, 2, 0, 6, 1, 0, 2, 34
      61        1123.3      4194.0  4130, 23, 3, 0, 8, 2, 0, 4, 24
      62        1125.5      4184.0  4120, 24, 2, 0, 8, 2, 0, 2, 26
      63        1431.8      4185.0  4120, 24, 2, 0, 8, 1, 0, 2, 28
      64        1447.2      4189.0  4120, 23, 3, 0, 6, 0, 0, 2, 35
      65        1448.9      4166.0  4100, 24, 3, 0, 6, 0, 0, 2, 31
      66        1450.0      4083.0  4020, 23, 4, 0, 6, 0, 0, 4, 26
      67        1451.2      4032.0  3970, 23, 4, 0, 6, 0, 0, 2, 27
      68        1455.6      3992.0  3930, 23, 3, 0, 6, 0, 0, 4, 26
      69        1456.9      3982.0  3920, 24, 2, 0, 6, 0, 0, 2, 28
      70       16590.1      3934.0  3870, 22, 3, 0, 4, 1, 0, 4, 30
      71       16592.5      3924.0  3860, 23, 2, 0, 4, 1, 0, 2, 32
      72       17147.8      3889.0  3830, 22, 3, 0, 6, 2, 0, 4, 22
      73       17149.8      3879.0  3820, 23, 2, 0, 6, 2, 0, 2, 24
      74       17422.5      3863.0  3800, 23, 2, 0, 4, 0, 0, 2, 32
      75       17653.8      3835.0  3780, 23, 2, 0, 8, 2, 0, 2, 18
      76       17854.9      3767.0  3710, 22, 3, 0, 6, 0, 0, 4, 22
      77       17859.4      3698.0  3640, 22, 3, 0, 4, 0, 0, 2, 27
      78       17863.0      3687.0  3630, 22, 3, 0, 4, 0, 0, 4, 24
      79       17863.2      3677.0  3620, 23, 2, 0, 4, 0, 0, 2, 26
      80      110592.5      3660.0  3600, 22, 3, 0, 2, 0, 0, 0, 33
      81      110595.6      3649.0  3590, 22, 3, 0, 2, 0, 0, 2, 30
      82      110595.7      3639.0  3580, 23, 2, 0, 2, 0, 0, 0, 32
      83      120476.4      3587.0  3530, 22, 3, 0, 2, 0, 0, 2, 28
      84      120477.3      3577.0  3520, 23, 2, 0, 2, 0, 0, 0, 30
      85      120796.8      3525.0  3470, 22, 3, 0, 2, 0, 0, 2, 26
      86      120798.7      3515.0  3460, 23, 2, 0, 2, 0, 0, 0, 28

--- Solution (notes MIDI) ---
60 55 53 52 57 55 53 52 50 57 55 53 48 50 52 50 48 55 53 52 50 57 55 53 48 50 52 55 59 62 64 65 60 
