========================================
  RÉSULTATS : 2voices_1_3_vtype_3
========================================

--- Configuration ---
CF                : 8 (Do Reference Grave)
Gamme indicative  : Majeur
Preset            : bryce
Borrow mode       : 0
Mode d'objectif   : pond (score lex pondéré)
Nombre de voix    : 2
Espèces (incl CF) : 1 2
v_type            : 3
Timeout max (ms)  : 180000
Stagnation (ms)   : 0
Cantus firmus     : 48 50 53 52 55 53 52 50 48
                    Do3 Ré3 Fa3 Mi3 Sol3 Fa3 Mi3 Ré3 Do3

--- Métriques de recherche ---
Temps total (ms)            : 180000.0
Temps 1ère solution (ms)    : 9.6
Temps dernière amélio. (ms) : 98770.8
Solutions trouvées          : 112
Améliorations de coût       : 111
Score pondéré           : 1925.0
Terminaison                 : TIMEOUT_MAX

--- Statistiques Gecode ---
Nœuds      : 2150694
Échecs     : 1075227
Restarts   : 0
Propagat.  : 2301600485
Profondeur : 64

--- Améliorations ---
    Sol#    Temps (ms)       Coût
       1           9.6     24959.0
       2          10.0     24755.0
       3          10.1     24704.0
       4          10.2     24653.0
       5          10.3     24602.0
       6          10.4     24551.0
       7          10.5     24500.0
       8          10.5     24449.0
       9          10.6     24398.0
      10          10.7     24347.0
      11          10.7     24143.0
      12          10.9     24099.0
      13          11.0     23895.0
      14          11.5      7039.0
      15          11.9      6835.0
      16          12.2      6784.0
      17          12.3      6733.0
      18          12.5      6682.0
      19          12.6      6631.0
      20          12.6      6580.0
      21          12.7      6529.0
      22          12.8      6478.0
      23          12.8      6427.0
      24          12.9      6376.0
      25          13.0      6325.0
      26          13.0      6274.0
      27          13.1      6223.0
      28          13.2      6019.0
      29          13.8      5957.0
      30          14.5      5757.0
      31          14.8      5553.0
      32          14.9      5502.0
      33          15.0      5451.0
      34          15.2      5400.0
      35          15.2      5349.0
      36          15.3      5298.0
      37          15.4      5247.0
      38          15.4      5196.0
      39          15.5      5145.0
      40          15.6      5094.0
      41          15.6      5043.0
      42          15.7      4992.0
      43          15.8      4941.0
      44          15.8      4737.0
      45          17.1      4727.0
      46          19.8      4707.0
      47          26.2      4667.0
      48          27.9      4657.0
      49          28.9      4627.0
      50          30.2      4607.0
      51          40.4      4584.0
      52          61.4      4560.0
      54          65.6      4356.0
      55          69.5      4305.0
      56          73.6      4294.0
      57          82.9      4152.0
      58          83.0      4142.0
      59         122.3      4109.0
      60         122.5      3905.0
      61         204.1      3793.0
      62         371.0      3733.0
      63         373.2      3722.0
      64         377.0      3682.0
      65         431.7      3618.0
      66         448.2      3598.0
      67         625.1      3588.0
      68         771.7      3498.0
      69         781.9      3478.0
      70        1287.9      3463.0
      71        1288.0      3453.0
      72        1501.7      3425.0
      73        2189.8      3399.0
      74        3000.9      3312.0
      75        3120.8      3304.0
      76        3137.9      3253.0
      77        3180.1      3160.0
      78        4370.1      3140.0
      79        4590.6      3089.0
      80        4981.4      3078.0
      81        5511.9      3068.0
      82        5552.8      3027.0
      83        6002.9      3026.0
      84        6135.3      2996.0
      85        6871.8      2984.0
      86        8460.8      2924.0
      87        8463.1      2913.0
      88        8469.8      2873.0
      89        8736.5      2842.0
      90       10330.7      2754.0
      91       12439.9      2720.0
      92       12959.3      2688.0
      93       13785.0      2648.0
      94       14646.5      2622.0
      95       15102.0      2597.0
      96       15287.2      2556.0
      97       15310.0      2514.0
      98       15310.3      2504.0
      99       16946.0      2496.0
     100       17710.1      2382.0
     101       18045.8      2361.0
     102       18045.9      2351.0
     103       30533.8      2343.0
     104       30628.2      2250.0
     105       49067.6      2236.0
     106       52114.3      2216.0
     107       52595.2      2166.0
     108       57174.5      2105.0
     109       67634.8      2074.0
     110       84857.4      1987.0
     111       98026.3      1972.0
     112       98770.8      1925.0

--- Évolution du vecteur de coûts (toutes les solutions BAB) ---
    Sol#    Temps (ms)        Cost  Vecteur lex
       1           9.6     24959.0  24220, 7, 8, 0, 14, 4, 16, 8, 682
       2          10.0     24755.0  24020, 7, 8, 0, 14, 4, 12, 8, 682
       3          10.1     24704.0  23970, 7, 8, 0, 14, 4, 11, 8, 682
       4          10.2     24653.0  23920, 7, 8, 0, 14, 4, 10, 8, 682
       5          10.3     24602.0  23870, 7, 8, 0, 14, 4, 9, 8, 682
       6          10.4     24551.0  23820, 7, 8, 0, 14, 4, 8, 8, 682
       7          10.5     24500.0  23770, 7, 8, 0, 14, 4, 7, 8, 682
       8          10.5     24449.0  23720, 7, 8, 0, 14, 4, 6, 8, 682
       9          10.6     24398.0  23670, 7, 8, 0, 14, 4, 5, 8, 682
      10          10.7     24347.0  23620, 7, 8, 0, 14, 4, 4, 8, 682
      11          10.7     24143.0  23420, 7, 8, 0, 14, 4, 0, 8, 682
      12          10.9     24099.0  23380, 7, 8, 0, 14, 4, 4, 8, 674
      13          11.0     23895.0  23180, 7, 8, 0, 14, 4, 0, 8, 674
      14          11.5      7039.0  6880, 7, 8, 0, 14, 4, 20, 6, 100
      15          11.9      6835.0  6680, 7, 8, 0, 14, 4, 16, 6, 100
      16          12.2      6784.0  6630, 7, 8, 0, 14, 4, 15, 6, 100
      17          12.3      6733.0  6580, 7, 8, 0, 14, 4, 14, 6, 100
      18          12.5      6682.0  6530, 7, 8, 0, 14, 4, 13, 6, 100
      19          12.6      6631.0  6480, 7, 8, 0, 14, 4, 12, 6, 100
      20          12.6      6580.0  6430, 7, 8, 0, 14, 4, 11, 6, 100
      21          12.7      6529.0  6380, 7, 8, 0, 14, 4, 10, 6, 100
      22          12.8      6478.0  6330, 7, 8, 0, 14, 4, 9, 6, 100
      23          12.8      6427.0  6280, 7, 8, 0, 14, 4, 8, 6, 100
      24          12.9      6376.0  6230, 7, 8, 0, 14, 4, 7, 6, 100
      25          13.0      6325.0  6180, 7, 8, 0, 14, 4, 6, 6, 100
      26          13.0      6274.0  6130, 7, 8, 0, 14, 4, 5, 6, 100
      27          13.1      6223.0  6080, 7, 8, 0, 14, 4, 4, 6, 100
      28          13.2      6019.0  5880, 7, 8, 0, 14, 4, 0, 6, 100
      29          13.8      5957.0  5820, 7, 8, 0, 14, 4, 0, 6, 98
      30          14.5      5757.0  5640, 7, 8, 0, 14, 4, 20, 8, 56
      31          14.8      5553.0  5440, 7, 8, 0, 14, 4, 16, 8, 56
      32          14.9      5502.0  5390, 7, 8, 0, 14, 4, 15, 8, 56
      33          15.0      5451.0  5340, 7, 8, 0, 14, 4, 14, 8, 56
      34          15.2      5400.0  5290, 7, 8, 0, 14, 4, 13, 8, 56
      35          15.2      5349.0  5240, 7, 8, 0, 14, 4, 12, 8, 56
      36          15.3      5298.0  5190, 7, 8, 0, 14, 4, 11, 8, 56
      37          15.4      5247.0  5140, 7, 8, 0, 14, 4, 10, 8, 56
      38          15.4      5196.0  5090, 7, 8, 0, 14, 4, 9, 8, 56
      39          15.5      5145.0  5040, 7, 8, 0, 14, 4, 8, 8, 56
      40          15.6      5094.0  4990, 7, 8, 0, 14, 4, 7, 8, 56
      41          15.6      5043.0  4940, 7, 8, 0, 14, 4, 6, 8, 56
      42          15.7      4992.0  4890, 7, 8, 0, 14, 4, 5, 8, 56
      43          15.8      4941.0  4840, 7, 8, 0, 14, 4, 4, 8, 56
      44          15.8      4737.0  4640, 7, 8, 0, 14, 4, 0, 8, 56
      45          17.1      4727.0  4630, 8, 7, 0, 14, 4, 0, 6, 58
      46          19.8      4707.0  4610, 8, 7, 0, 14, 4, 0, 4, 60
      47          26.2      4667.0  4570, 7, 9, 0, 12, 3, 0, 6, 60
      48          27.9      4657.0  4560, 8, 8, 0, 12, 3, 0, 4, 62
      49          28.9      4627.0  4530, 7, 8, 0, 12, 3, 0, 8, 59
      50          30.2      4607.0  4510, 7, 8, 0, 12, 3, 0, 6, 61
      51          40.4      4584.0  4490, 8, 8, 0, 12, 3, 0, 6, 57
      52          61.4      4560.0  4470, 7, 9, 0, 14, 4, 0, 6, 50
      53          65.4      4560.0  4470, 7, 8, 0, 14, 4, 4, 4, 49
      54          65.6      4356.0  4270, 7, 8, 0, 14, 4, 0, 4, 49
      55          69.5      4305.0  4220, 8, 8, 0, 12, 3, 0, 6, 48
      56          73.6      4294.0  4210, 7, 8, 0, 14, 4, 0, 4, 47
      57          82.9      4152.0  4070, 8, 7, 0, 12, 3, 0, 6, 46
      58          83.0      4142.0  4060, 9, 6, 0, 12, 3, 0, 4, 48
      59         122.3      4109.0  4030, 7, 8, 0, 12, 3, 4, 4, 41
      60         122.5      3905.0  3830, 7, 8, 0, 12, 3, 0, 4, 41
      61         204.1      3793.0  3720, 7, 9, 0, 10, 2, 0, 4, 41
      62         371.0      3733.0  3660, 7, 8, 0, 10, 2, 0, 4, 42
      63         373.2      3722.0  3650, 7, 8, 0, 10, 2, 0, 6, 39
      64         377.0      3682.0  3610, 7, 8, 0, 10, 2, 0, 2, 43
      65         431.7      3618.0  3550, 6, 8, 0, 12, 3, 0, 4, 35
      66         448.2      3598.0  3530, 7, 7, 0, 12, 2, 0, 4, 36
      67         625.1      3588.0  3520, 8, 7, 0, 10, 2, 0, 4, 37
      68         771.7      3498.0  3430, 7, 8, 0, 8, 2, 0, 4, 39
      69         781.9      3478.0  3410, 7, 8, 0, 8, 2, 0, 2, 41
      70        1287.9      3463.0  3400, 6, 8, 0, 12, 3, 0, 4, 30
      71        1288.0      3453.0  3390, 7, 7, 0, 12, 3, 0, 2, 32
      72        1501.7      3425.0  3360, 7, 7, 0, 10, 2, 0, 4, 35
      73        2189.8      3399.0  3330, 7, 8, 0, 6, 1, 0, 2, 45
      74        3000.9      3312.0  3250, 6, 8, 0, 10, 1, 0, 6, 31
      75        3120.8      3304.0  3240, 7, 7, 0, 8, 1, 0, 6, 35
      76        3137.9      3253.0  3190, 7, 7, 0, 8, 1, 0, 4, 36
      77        3180.1      3160.0  3100, 7, 7, 0, 8, 1, 0, 4, 33
      78        4370.1      3140.0  3080, 7, 7, 0, 8, 1, 0, 2, 35
      79        4590.6      3089.0  3030, 7, 8, 0, 6, 1, 0, 2, 35
      80        4981.4      3078.0  3020, 7, 7, 0, 8, 1, 0, 2, 33
      81        5511.9      3068.0  3010, 8, 7, 0, 6, 1, 0, 2, 34
      82        5552.8      3027.0  2970, 7, 8, 0, 6, 1, 0, 2, 33
      83        6002.9      3026.0  2970, 6, 8, 0, 8, 1, 0, 4, 29
      84        6135.3      2996.0  2940, 6, 7, 0, 8, 2, 0, 4, 29
      85        6871.8      2984.0  2930, 5, 8, 0, 10, 2, 0, 2, 27
      86        8460.8      2924.0  2870, 6, 7, 0, 8, 1, 0, 6, 26
      87        8463.1      2913.0  2860, 6, 7, 0, 8, 1, 0, 8, 23
      88        8469.8      2873.0  2820, 6, 7, 0, 8, 1, 0, 4, 27
      89        8736.5      2842.0  2790, 5, 8, 0, 8, 2, 0, 2, 27
      90       10330.7      2754.0  2700, 5, 7, 0, 6, 1, 0, 4, 31
      91       12439.9      2720.0  2670, 7, 6, 0, 6, 2, 0, 2, 27
      92       12959.3      2688.0  2640, 6, 7, 0, 6, 2, 0, 6, 21
      93       13785.0      2648.0  2600, 6, 7, 0, 6, 2, 0, 2, 25
      94       14646.5      2622.0  2570, 6, 6, 0, 4, 1, 0, 4, 31
      95       15102.0      2597.0  2550, 7, 6, 0, 6, 1, 0, 2, 25
      96       15287.2      2556.0  2510, 6, 7, 0, 6, 1, 0, 2, 24
      97       15310.0      2514.0  2470, 6, 7, 0, 6, 1, 0, 4, 20
      98       15310.3      2504.0  2460, 7, 6, 0, 6, 1, 0, 2, 22
      99       16946.0      2496.0  2450, 6, 6, 0, 6, 1, 0, 2, 25
     100       17710.1      2382.0  2340, 5, 7, 0, 6, 1, 0, 4, 19
     101       18045.8      2361.0  2320, 6, 6, 0, 6, 1, 0, 4, 18
     102       18045.9      2351.0  2310, 7, 5, 0, 6, 1, 0, 2, 20
     103       30533.8      2343.0  2300, 6, 6, 0, 4, 1, 0, 4, 22
     104       30628.2      2250.0  2210, 6, 6, 0, 4, 1, 0, 4, 19
     105       49067.6      2236.0  2200, 7, 4, 0, 8, 1, 0, 4, 12
     106       52114.3      2216.0  2180, 7, 4, 0, 8, 1, 0, 2, 14
     107       52595.2      2166.0  2130, 5, 6, 0, 6, 2, 0, 4, 13
     108       57174.5      2105.0  2070, 5, 6, 0, 6, 1, 0, 4, 13
     109       67634.8      2074.0  2040, 7, 4, 0, 6, 1, 0, 2, 14
     110       84857.4      1987.0  1950, 4, 6, 0, 4, 0, 0, 4, 19
     111       98026.3      1972.0  1940, 6, 5, 0, 6, 0, 0, 2, 13
     112       98770.8      1925.0  1890, 4, 6, 0, 4, 0, 0, 4, 17

--- Solution (notes MIDI) ---
60 67 69 67 71 72 74 76 74 72 71 69 67 60 55 57 59 60 62 64 65 67 69 74 72 71 69 67 65 62 60 59 55 
