========================================
  RÉSULTATS : 3voices_1_1_1_vtype_1_2
========================================

--- Configuration ---
CF                : 8 (Do Reference Grave)
Gamme indicative  : Majeur
Preset            : bryce
Borrow mode       : 0
Mode d'objectif   : pond (score lex pondéré)
Nombre de voix    : 3
Espèces (incl CF) : 1 0 0
v_type            : 1 2
Timeout max (ms)  : 180000
Stagnation (ms)   : 0
Cantus firmus     : 48 50 53 52 55 53 52 50 48
                    Do3 Ré3 Fa3 Mi3 Sol3 Fa3 Mi3 Ré3 Do3

--- Métriques de recherche ---
Temps total (ms)            : 180000.0
Temps 1ère solution (ms)    : 7.7
Temps dernière amélio. (ms) : 147427.2
Solutions trouvées          : 91
Améliorations de coût       : 86
Score pondéré           : 1722.0
Terminaison                 : TIMEOUT_MAX

--- Statistiques Gecode ---
Nœuds      : 1585563
Échecs     : 792684
Restarts   : 0
Propagat.  : 1348259863
Profondeur : 48

--- Améliorations ---
    Sol#    Temps (ms)       Coût
       1           7.7     33823.0
       2           9.0     33784.0
       3           9.3     33754.0
       4          12.0     33675.0
       5          12.2     33654.0
       6          13.0     33555.0
       7          18.2     33474.0
       8          19.1     33330.0
       9          19.6     33273.0
      10          41.0     33219.0
      11          52.5     33168.0
      12          62.4     33138.0
      13          88.2      6478.0
      15          92.7      6375.0
      16          93.9      6231.0
      17          94.4      6174.0
      18          96.9      6171.0
      19          98.5      6027.0
      20          99.2      5970.0
      21         100.2      5952.0
      22         101.8      5940.0
      23         112.5      5910.0
      24         137.9      5466.0
      25         696.0      5448.0
      26         878.1      4704.0
      27         878.5      4587.0
      28         881.1      4566.0
      29         883.5      4530.0
      30         885.8      4470.0
      31         888.0      4467.0
      32         927.6      4428.0
      33         928.2      4281.0
      34         933.2      4278.0
      35         934.1      4182.0
      36         934.4      4161.0
      37         975.4      4134.0
      38         975.8      4113.0
      39        1032.5      3972.0
      40        1032.9      3876.0
      41        1033.9      3873.0
      42        1151.1      3849.0
      43        1152.2      3846.0
      44        1161.1      3825.0
      45        1162.7      3807.0
      46        1163.2      3786.0
      47        1176.4      3750.0
      48        1600.8      3747.0
      49        1605.6      3705.0
      50        1605.9      3672.0
      51        1622.9      3612.0
      52        1623.6      3477.0
      53        1625.4      3378.0
      54        1626.1      3345.0
      55        1691.9      3318.0
      56        1695.6      3222.0
      57        2178.7      3204.0
      59        2206.2      3090.0
      60        2207.7      3069.0
      61        2209.6      3027.0
      62        2210.1      2994.0
      63        2224.9      2919.0
      64        2677.9      2868.0
      65       14722.4      2838.0
      67       15377.6      2763.0
      68       16442.9      2748.0
      69       16656.6      2712.0
      70       18921.7      2706.0
      72       19133.9      2634.0
      73       19136.1      2631.0
      74       19254.2      2595.0
      75       28447.3      2577.0
      76       28461.3      2502.0
      78       30965.0      2439.0
      79       32715.5      2340.0
      80       34115.4      2304.0
      81       34121.7      2229.0
      82       37796.5      2166.0
      83       63019.8      2157.0
      84       63044.8      2124.0
      85       63175.1      2037.0
      86      100473.0      1998.0
      87      126591.2      1983.0
      88      139412.1      1947.0
      89      139459.9      1857.0
      90      139476.8      1785.0
      91      147427.2      1722.0

--- Évolution du vecteur de coûts (toutes les solutions BAB) ---
    Sol#    Temps (ms)        Cost  Vecteur lex
       1           7.7     33823.0  33144, 2, 14, 8, 5, 0, 20, 624, 0, 6
       2           9.0     33784.0  33103, 2, 12, 8, 4, 0, 22, 625, 0, 8
       3           9.3     33754.0  33074, 2, 12, 8, 4, 0, 20, 628, 0, 6
       4          12.0     33675.0  32995, 0, 14, 9, 3, 0, 18, 627, 0, 9
       5          12.2     33654.0  32975, 0, 14, 8, 4, 0, 18, 628, 0, 7
       6          13.0     33555.0  32876, 0, 12, 8, 3, 0, 20, 629, 0, 7
       7          18.2     33474.0  32798, 0, 14, 8, 2, 0, 20, 625, 0, 7
       8          19.1     33330.0  32657, 0, 14, 8, 2, 0, 20, 622, 0, 7
       9          19.6     33273.0  32601, 0, 14, 8, 3, 0, 18, 621, 0, 8
      10          41.0     33219.0  32547, 0, 14, 8, 3, 0, 16, 621, 0, 10
      11          52.5     33168.0  32495, 0, 12, 8, 2, 0, 18, 623, 0, 10
      12          62.4     33138.0  32466, 0, 12, 9, 2, 0, 16, 623, 0, 10
      13          88.2      6478.0  6367, 2, 14, 9, 2, 0, 18, 59, 0, 7
      14          90.0      6480.0  6366, 0, 14, 9, 2, 0, 20, 59, 0, 10
      15          92.7      6375.0  6263, 0, 14, 9, 1, 0, 20, 59, 0, 9
      16          93.9      6231.0  6122, 0, 14, 9, 1, 0, 20, 56, 0, 9
      17          94.4      6174.0  6066, 0, 14, 9, 2, 0, 18, 55, 0, 10
      18          96.9      6171.0  6064, 0, 14, 8, 1, 0, 20, 59, 0, 5
      19          98.5      6027.0  5923, 0, 14, 8, 1, 0, 20, 56, 0, 5
      20          99.2      5970.0  5867, 0, 14, 8, 2, 0, 18, 55, 0, 6
      21         100.2      5952.0  5849, 0, 14, 8, 2, 0, 18, 54, 0, 7
      22         101.8      5940.0  5835, 0, 12, 8, 2, 0, 18, 57, 0, 8
      23         112.5      5910.0  5806, 0, 12, 9, 2, 0, 16, 57, 0, 8
      24         137.9      5466.0  5372, 0, 12, 9, 2, 0, 16, 49, 0, 6
      25         696.0      5448.0  5354, 0, 12, 8, 2, 0, 18, 48, 0, 6
      26         878.1      4704.0  4630, 0, 16, 10, 2, 0, 18, 20, 0, 8
      27         878.5      4587.0  4516, 0, 16, 10, 3, 0, 18, 16, 0, 8
      28         881.1      4566.0  4496, 0, 16, 10, 4, 0, 18, 14, 0, 8
      29         883.5      4530.0  4460, 0, 16, 11, 2, 0, 16, 17, 0, 8
      30         885.8      4470.0  4402, 0, 16, 12, 2, 0, 16, 14, 0, 8
      31         888.0      4467.0  4400, 0, 16, 10, 3, 0, 18, 16, 0, 4
      32         927.6      4428.0  4359, 0, 16, 10, 2, 0, 18, 13, 0, 10
      33         928.2      4281.0  4216, 0, 16, 10, 3, 0, 16, 12, 0, 8
      34         933.2      4278.0  4214, 0, 16, 12, 2, 0, 16, 10, 0, 8
      35         934.1      4182.0  4120, 0, 16, 11, 2, 0, 16, 11, 0, 6
      36         934.4      4161.0  4100, 0, 16, 10, 3, 0, 16, 12, 0, 4
      37         975.4      4134.0  4070, 0, 14, 11, 2, 0, 18, 9, 0, 10
      38         975.8      4113.0  4050, 0, 14, 10, 3, 0, 18, 10, 0, 8
      39        1032.5      3972.0  3911, 0, 14, 10, 2, 0, 16, 11, 0, 8
      40        1032.9      3876.0  3817, 0, 14, 11, 2, 0, 16, 6, 0, 10
      41        1033.9      3873.0  3815, 0, 14, 9, 3, 0, 18, 8, 0, 6
      42        1151.1      3849.0  3790, 0, 14, 11, 1, 0, 16, 7, 0, 10
      43        1152.2      3846.0  3788, 0, 14, 9, 2, 0, 18, 9, 0, 6
      44        1161.1      3825.0  3768, 0, 14, 9, 1, 0, 20, 9, 0, 4
      45        1162.7      3807.0  3750, 0, 14, 10, 1, 0, 18, 8, 0, 6
      46        1163.2      3786.0  3730, 0, 14, 9, 2, 0, 18, 9, 0, 4
      47        1176.4      3750.0  3694, 0, 14, 9, 2, 0, 18, 7, 0, 6
      48        1600.8      3747.0  3692, 0, 14, 10, 3, 0, 12, 12, 0, 4
      49        1605.6      3705.0  3649, 0, 14, 10, 1, 0, 12, 13, 0, 6
      50        1605.9      3672.0  3618, 0, 14, 10, 2, 0, 12, 12, 0, 4
      51        1622.9      3612.0  3557, 0, 12, 11, 2, 0, 14, 8, 0, 8
      52        1623.6      3477.0  3425, 0, 12, 10, 3, 0, 12, 9, 0, 6
      53        1625.4      3378.0  3326, 0, 12, 9, 2, 0, 12, 9, 0, 8
      54        1626.1      3345.0  3295, 0, 12, 9, 3, 0, 12, 8, 0, 6
      55        1691.9      3318.0  3268, 0, 12, 9, 2, 0, 12, 9, 0, 6
      56        1695.6      3222.0  3174, 0, 12, 9, 2, 0, 12, 7, 0, 6
      57        2178.7      3204.0  3159, 0, 14, 10, 2, 0, 6, 10, 0, 3
      58        2205.9      3207.0  3158, 0, 12, 10, 1, 0, 6, 13, 0, 7
      59        2206.2      3090.0  3044, 0, 12, 10, 2, 0, 6, 9, 0, 7
      60        2207.7      3069.0  3024, 0, 12, 9, 3, 0, 6, 10, 0, 5
      61        2209.6      3027.0  2981, 0, 12, 9, 1, 0, 6, 11, 0, 7
      62        2210.1      2994.0  2950, 0, 12, 9, 2, 0, 6, 10, 0, 5
      63        2224.9      2919.0  2876, 0, 12, 9, 1, 0, 6, 10, 0, 5
      64        2677.9      2868.0  2824, 0, 10, 9, 2, 0, 6, 10, 0, 7
      65       14722.4      2838.0  2795, 0, 10, 7, 4, 0, 10, 5, 0, 7
      66       15352.6      2838.0  2795, 0, 10, 7, 4, 0, 8, 8, 0, 6
      67       15377.6      2763.0  2721, 0, 10, 7, 3, 0, 8, 8, 0, 6
      68       16442.9      2748.0  2705, 0, 8, 7, 4, 0, 8, 10, 0, 6
      69       16656.6      2712.0  2669, 0, 8, 7, 4, 0, 8, 8, 0, 8
      70       18921.7      2706.0  2665, 0, 10, 9, 2, 0, 2, 12, 0, 6
      71       19125.0      2706.0  2665, 0, 8, 9, 2, 0, 4, 16, 0, 2
      72       19133.9      2634.0  2596, 0, 10, 9, 2, 0, 2, 13, 0, 2
      73       19136.1      2631.0  2591, 0, 8, 9, 3, 0, 2, 14, 0, 4
      74       19254.2      2595.0  2555, 0, 8, 9, 3, 0, 2, 12, 0, 6
      75       28447.3      2577.0  2537, 0, 8, 7, 3, 0, 8, 8, 0, 6
      76       28461.3      2502.0  2463, 0, 8, 7, 4, 0, 6, 6, 0, 8
      77       30026.3      2502.0  2463, 0, 8, 7, 4, 0, 4, 9, 0, 7
      78       30965.0      2439.0  2400, 0, 6, 8, 3, 0, 6, 9, 0, 7
      79       32715.5      2340.0  2304, 0, 8, 6, 4, 0, 4, 8, 0, 6
      80       34115.4      2304.0  2268, 0, 6, 6, 4, 0, 6, 10, 0, 4
      81       34121.7      2229.0  2194, 0, 6, 6, 5, 0, 4, 8, 0, 6
      82       37796.5      2166.0  2131, 0, 4, 7, 4, 0, 4, 11, 0, 5
      83       63019.8      2157.0  2122, 0, 6, 3, 5, 0, 6, 10, 0, 5
      84       63044.8      2124.0  2088, 0, 4, 3, 6, 0, 6, 11, 0, 6
      85       63175.1      2037.0  2003, 0, 2, 4, 7, 0, 6, 11, 0, 4
      86      100473.0      1998.0  1968, 0, 6, 4, 6, 0, 4, 7, 0, 3
      87      126591.2      1983.0  1952, 0, 4, 4, 7, 0, 6, 6, 0, 4
      88      139412.1      1947.0  1916, 0, 4, 3, 7, 0, 6, 7, 0, 4
      89      139459.9      1857.0  1829, 0, 4, 4, 7, 0, 4, 7, 0, 2
      90      139476.8      1785.0  1757, 0, 4, 3, 7, 0, 4, 6, 0, 4
      91      147427.2      1722.0  1694, 0, 2, 2, 8, 0, 6, 7, 0, 3

--- Solution (notes MIDI) ---
52 47 50 55 59 57 55 53 52 55 55 57 59 62 60 59 57 55 
