========================================
  RÉSULTATS : 3voices_1_1_1_vtype_1_1
========================================

--- Configuration ---
CF                : 8 (Do Reference Grave)
Gamme indicative  : Majeur
Preset            : bryce
Borrow mode       : 0
Mode d'objectif   : pond (score lex pondéré)
Nombre de voix    : 3
Espèces (incl CF) : 1 0 0
v_type            : 1 1
Timeout max (ms)  : 180000
Stagnation (ms)   : 0
Cantus firmus     : 48 50 53 52 55 53 52 50 48
                    Do3 Ré3 Fa3 Mi3 Sol3 Fa3 Mi3 Ré3 Do3

--- Métriques de recherche ---
Temps total (ms)            : 180000.2
Temps 1ère solution (ms)    : 10.5
Temps dernière amélio. (ms) : 154644.6
Solutions trouvées          : 53
Améliorations de coût       : 53
Score pondéré           : 2037.0
Terminaison                 : TIMEOUT_MAX

--- Statistiques Gecode ---
Nœuds      : 1323867
Échecs     : 661874
Restarts   : 0
Propagat.  : 1368099460
Profondeur : 60

--- Améliorations ---
    Sol#    Temps (ms)       Coût
       1          10.5      8193.0
       2          10.9      6564.0
       3          11.3      6552.0
       4          12.7      6483.0
       5          13.6      4668.0
       6          14.1      4533.0
       7          18.0      4434.0
       8          18.7      4413.0
       9          26.2      4347.0
      10          53.2      4320.0
      11         116.6      4230.0
      12         117.0      4128.0
      13         145.5      3999.0
      14         145.9      3978.0
      15         157.3      3912.0
      16         215.2      3837.0
      17         215.7      3624.0
      18         216.5      3612.0
      19         491.5      3546.0
      20         491.9      3525.0
      21         523.4      3444.0
      22         524.2      3432.0
      23         795.8      3429.0
      24         796.1      3327.0
      25         796.6      3252.0
      26         797.4      3231.0
      27        2940.5      3159.0
      28        2941.5      3057.0
      29        3091.5      2952.0
      30        3092.0      2850.0
      31        9615.8      2778.0
      32       46468.2      2745.0
      33       53531.8      2742.0
      34       53532.3      2709.0
      35       53540.3      2667.0
      36       53540.8      2634.0
      37       53613.8      2631.0
      38       53768.5      2598.0
      39       76436.4      2559.0
      40       77023.1      2550.0
      41       82463.7      2541.0
      42       82466.7      2508.0
      43       83331.1      2502.0
      44       83356.1      2448.0
      45       83417.5      2412.0
      46       83423.5      2361.0
      47       83483.0      2322.0
      48       83490.4      2265.0
      49       86212.7      2256.0
      50       86234.9      2250.0
      51       86298.0      2154.0
      52      154601.8      2124.0
      53      154644.6      2037.0

--- Évolution du vecteur de coûts (toutes les solutions BAB) ---
    Sol#    Temps (ms)        Cost  Vecteur lex
       1          10.5      8193.0  8045, 0, 16, 8, 3, 0, 20, 91, 0, 10
       2          10.9      6564.0  6452, 0, 18, 9, 2, 0, 20, 53, 0, 10
       3          11.3      6552.0  6441, 0, 18, 10, 2, 0, 18, 54, 0, 9
       4          12.7      6483.0  6371, 0, 16, 9, 3, 0, 20, 53, 0, 11
       5          13.6      4668.0  4594, 0, 16, 10, 2, 0, 20, 15, 0, 11
       6          14.1      4533.0  4462, 0, 16, 9, 3, 0, 18, 16, 0, 9
       7          18.0      4434.0  4366, 0, 16, 10, 2, 0, 18, 15, 0, 7
       8          18.7      4413.0  4346, 0, 16, 9, 3, 0, 18, 16, 0, 5
       9          26.2      4347.0  4278, 0, 16, 9, 1, 0, 12, 23, 0, 8
      10          53.2      4320.0  4254, 0, 16, 9, 2, 0, 18, 15, 0, 6
      11         116.6      4230.0  4164, 0, 16, 11, 0, 0, 12, 18, 0, 9
      12         117.0      4128.0  4063, 0, 16, 10, 0, 0, 10, 20, 0, 9
      13         145.5      3999.0  3941, 0, 16, 11, 1, 0, 16, 10, 0, 4
      14         145.9      3978.0  3921, 0, 16, 10, 2, 0, 16, 11, 0, 2
      15         157.3      3912.0  3853, 0, 16, 10, 0, 0, 10, 18, 0, 5
      16         215.2      3837.0  3779, 0, 16, 10, 1, 0, 6, 19, 0, 6
      17         215.7      3624.0  3571, 0, 16, 10, 0, 0, 8, 15, 0, 4
      18         216.5      3612.0  3560, 0, 16, 11, 0, 0, 8, 13, 0, 4
      19         491.5      3546.0  3492, 0, 16, 9, 0, 0, 4, 18, 0, 7
      20         491.9      3525.0  3472, 0, 16, 9, 1, 0, 4, 16, 0, 7
      21         523.4      3444.0  3394, 0, 16, 9, 0, 0, 8, 13, 0, 4
      22         524.2      3432.0  3383, 0, 16, 10, 0, 0, 8, 11, 0, 4
      23         795.8      3429.0  3378, 0, 14, 10, 1, 0, 6, 15, 0, 5
      24         796.1      3327.0  3277, 0, 14, 9, 1, 0, 4, 17, 0, 5
      25         796.6      3252.0  3203, 0, 14, 9, 0, 0, 4, 17, 0, 5
      26         797.4      3231.0  3183, 0, 14, 9, 1, 0, 4, 15, 0, 5
      27        2940.5      3159.0  3114, 0, 14, 10, 1, 0, 6, 10, 0, 4
      28        2941.5      3057.0  3013, 0, 14, 9, 1, 0, 4, 12, 0, 4
      29        3091.5      2952.0  2910, 0, 12, 10, 0, 0, 8, 10, 0, 2
      30        3092.0      2850.0  2809, 0, 12, 9, 0, 0, 6, 12, 0, 2
      31        9615.8      2778.0  2737, 0, 10, 9, 0, 0, 8, 12, 0, 2
      32       46468.2      2745.0  2703, 0, 8, 7, 3, 0, 8, 14, 0, 2
      33       53531.8      2742.0  2701, 0, 10, 9, 0, 0, 4, 16, 0, 2
      34       53532.3      2709.0  2670, 0, 10, 9, 1, 0, 4, 15, 0, 0
      35       53540.3      2667.0  2627, 0, 10, 9, 1, 0, 2, 14, 0, 4
      36       53540.8      2634.0  2596, 0, 10, 9, 2, 0, 2, 13, 0, 2
      37       53613.8      2631.0  2591, 0, 8, 9, 3, 0, 2, 14, 0, 4
      38       53768.5      2598.0  2560, 0, 10, 9, 2, 0, 2, 11, 0, 4
      39       76436.4      2559.0  2519, 0, 8, 8, 3, 0, 4, 10, 0, 7
      40       77023.1      2550.0  2510, 0, 8, 7, 4, 0, 4, 10, 0, 7
      41       82463.7      2541.0  2501, 0, 10, 6, 3, 0, 4, 8, 0, 9
      42       82466.7      2508.0  2467, 0, 8, 6, 4, 0, 4, 9, 0, 10
      43       83331.1      2502.0  2463, 0, 8, 7, 4, 0, 4, 9, 0, 7
      44       83356.1      2448.0  2412, 0, 10, 6, 4, 0, 2, 10, 0, 4
      45       83417.5      2412.0  2376, 0, 8, 7, 4, 0, 4, 9, 0, 4
      46       83423.5      2361.0  2327, 0, 10, 6, 3, 0, 2, 11, 0, 2
      47       83483.0      2322.0  2286, 0, 6, 6, 4, 0, 4, 14, 0, 2
      48       83490.4      2265.0  2230, 0, 6, 6, 5, 0, 4, 10, 0, 4
      49       86212.7      2256.0  2221, 0, 4, 7, 4, 0, 8, 10, 0, 2
      50       86234.9      2250.0  2214, 0, 4, 6, 4, 0, 6, 14, 0, 2
      51       86298.0      2154.0  2120, 0, 4, 6, 4, 0, 6, 12, 0, 2
      52      154601.8      2124.0  2088, 0, 4, 3, 6, 0, 6, 11, 0, 6
      53      154644.6      2037.0  2003, 0, 2, 4, 7, 0, 6, 11, 0, 4

--- Solution (notes MIDI) ---
48 43 50 55 59 57 55 53 52 60 59 57 59 62 60 59 57 55 
