========================================
  RÉSULTATS : 3voices_1_1_1_vtype_2_3
========================================

--- Configuration ---
CF                : 8 (Do Reference Grave)
Gamme indicative  : Majeur
Preset            : bryce
Borrow mode       : 0
Mode d'objectif   : pond (score lex pondéré)
Nombre de voix    : 3
Espèces (incl CF) : 1 0 0
v_type            : 2 3
Timeout max (ms)  : 180000
Stagnation (ms)   : 0
Cantus firmus     : 48 50 53 52 55 53 52 50 48
                    Do3 Ré3 Fa3 Mi3 Sol3 Fa3 Mi3 Ré3 Do3

--- Métriques de recherche ---
Temps total (ms)            : 180000.2
Temps 1ère solution (ms)    : 6.8
Temps dernière amélio. (ms) : 172554.2
Solutions trouvées          : 69
Améliorations de coût       : 68
Score pondéré           : 1278.0
Terminaison                 : TIMEOUT_MAX

--- Statistiques Gecode ---
Nœuds      : 1677743
Échecs     : 838797
Restarts   : 0
Propagat.  : 1401188077
Profondeur : 48

--- Améliorations ---
    Sol#    Temps (ms)       Coût
       1           6.8      4473.0
       2           7.6      4440.0
       3           8.5      4329.0
       4          10.4      4245.0
       5          16.1      4191.0
       6          18.3      4125.0
       7          20.7      4041.0
       8          52.5      3976.0
       9          63.4      3903.0
      10          74.4      3801.0
      11          75.6      3690.0
      12          77.1      3495.0
      13          78.0      3402.0
      14         983.3      3354.0
      15        1090.1      3240.0
      16        1091.4      3135.0
      17        1118.0      3129.0
      18        1191.2      3096.0
      20        1321.6      3054.0
      21        1436.1      3039.0
      22        1876.8      3030.0
      23        1878.5      2997.0
      24        1947.8      2967.0
      25        1948.6      2958.0
      26        4308.9      2949.0
      27        5746.4      2943.0
      28        6649.6      2901.0
      29        7057.5      2832.0
      30        7413.8      2817.0
      31        7454.6      2778.0
      32        7767.0      2739.0
      33        7771.4      2730.0
      34        8140.4      2721.0
      35        8143.2      2706.0
      36        8149.0      2691.0
      37        8150.1      2682.0
      38       10252.2      2649.0
      39       10354.4      2631.0
      40       10371.2      2616.0
      41       10373.6      2469.0
      42       16038.4      2466.0
      43       21088.8      2425.0
      44       21128.3      2379.0
      45       21257.6      2355.0
      46       21260.2      2292.0
      47       21274.3      2254.0
      48       21277.7      2191.0
      49       21299.8      2163.0
      50       22096.1      2031.0
      51       25322.6      1989.0
      52       30695.1      1980.0
      53       41193.8      1968.0
      54       41219.1      1959.0
      55       41397.8      1956.0
      56       41407.7      1938.0
      57       41438.7      1918.0
      58       41444.1      1845.0
      59       49241.0      1785.0
      60       49258.2      1704.0
      61       93288.5      1665.0
      62       93295.9      1659.0
      63       93297.3      1605.0
      64      100251.1      1584.0
      65      100253.2      1563.0
      66      101809.8      1557.0
      67      101828.0      1431.0
      68      172505.6      1341.0
      69      172554.2      1278.0

--- Évolution du vecteur de coûts (toutes les solutions BAB) ---
    Sol#    Temps (ms)        Cost  Vecteur lex
       1           6.8      4473.0  4401, 0, 16, 9, 1, 0, 14, 22, 0, 10
       2           7.6      4440.0  4370, 0, 16, 9, 2, 0, 14, 21, 0, 8
       3           8.5      4329.0  4260, 0, 14, 9, 3, 0, 14, 21, 0, 8
       4          10.4      4245.0  4174, 0, 12, 8, 3, 0, 16, 20, 0, 12
       5          16.1      4191.0  4126, 0, 16, 8, 1, 0, 16, 18, 0, 6
       6          18.3      4125.0  4058, 0, 12, 8, 3, 0, 16, 20, 0, 8
       7          20.7      4041.0  3975, 0, 12, 9, 3, 0, 12, 20, 0, 10
       8          52.5      3976.0  3910, 2, 8, 8, 4, 0, 14, 20, 0, 10
       9          63.4      3903.0  3838, 0, 10, 8, 3, 0, 12, 24, 0, 8
      10          74.4      3801.0  3740, 0, 12, 8, 3, 0, 12, 18, 0, 8
      11          75.6      3690.0  3630, 0, 10, 8, 4, 0, 12, 18, 0, 8
      12          77.1      3495.0  3437, 0, 8, 7, 5, 0, 16, 12, 0, 10
      13          78.0      3402.0  3345, 0, 8, 7, 4, 0, 14, 14, 0, 10
      14         983.3      3354.0  3298, 0, 8, 7, 4, 0, 12, 16, 0, 9
      15        1090.1      3240.0  3192, 0, 12, 9, 2, 0, 8, 14, 0, 3
      16        1091.4      3135.0  3086, 0, 10, 8, 3, 0, 10, 11, 0, 7
      17        1118.0      3129.0  3082, 0, 10, 9, 3, 0, 8, 14, 0, 3
      18        1191.2      3096.0  3045, 0, 8, 7, 4, 0, 12, 10, 0, 10
      19        1320.4      3096.0  3045, 0, 8, 7, 4, 0, 10, 13, 0, 9
      20        1321.6      3054.0  3005, 0, 8, 8, 4, 0, 8, 14, 0, 7
      21        1436.1      3039.0  2989, 0, 8, 7, 5, 0, 10, 9, 0, 11
      22        1876.8      3030.0  2980, 0, 8, 6, 4, 0, 10, 14, 0, 8
      23        1878.5      2997.0  2946, 0, 6, 6, 5, 0, 10, 15, 0, 9
      24        1947.8      2967.0  2917, 0, 6, 6, 5, 0, 12, 12, 0, 9
      25        1948.6      2958.0  2911, 0, 8, 7, 4, 0, 8, 15, 0, 5
      26        4308.9      2949.0  2899, 0, 6, 6, 5, 0, 12, 11, 0, 10
      27        5746.4      2943.0  2892, 0, 6, 5, 5, 0, 12, 12, 0, 11
      28        6649.6      2901.0  2852, 0, 6, 5, 5, 0, 14, 10, 0, 9
      29        7057.5      2832.0  2785, 0, 8, 5, 4, 0, 12, 8, 0, 10
      30        7413.8      2817.0  2769, 0, 6, 6, 5, 0, 10, 10, 0, 11
      31        7454.6      2778.0  2734, 0, 8, 7, 4, 0, 8, 10, 0, 7
      32        7767.0      2739.0  2693, 0, 6, 5, 5, 0, 14, 6, 0, 10
      33        7771.4      2730.0  2687, 0, 8, 6, 4, 0, 10, 9, 0, 6
      34        8140.4      2721.0  2675, 0, 6, 5, 5, 0, 10, 11, 0, 9
      35        8143.2      2706.0  2662, 0, 8, 5, 4, 0, 10, 9, 0, 8
      36        8149.0      2691.0  2646, 0, 6, 5, 5, 0, 12, 8, 0, 9
      37        8150.1      2682.0  2640, 0, 8, 6, 4, 0, 8, 11, 0, 5
      38       10252.2      2649.0  2606, 0, 6, 5, 5, 0, 12, 9, 0, 6
      39       10354.4      2631.0  2588, 0, 6, 5, 5, 0, 12, 8, 0, 7
      40       10371.2      2616.0  2575, 0, 8, 6, 4, 0, 10, 6, 0, 7
      41       10373.6      2469.0  2429, 0, 6, 6, 5, 0, 10, 4, 0, 9
      42       16038.4      2466.0  2424, 0, 4, 5, 6, 0, 6, 14, 0, 7
      43       21088.8      2425.0  2387, 2, 4, 5, 7, 0, 4, 11, 0, 5
      44       21128.3      2379.0  2342, 0, 6, 6, 5, 0, 4, 13, 0, 3
      45       21257.6      2355.0  2317, 0, 6, 4, 5, 0, 6, 13, 0, 4
      46       21260.2      2292.0  2254, 0, 4, 5, 6, 0, 6, 11, 0, 6
      47       21274.3      2254.0  2219, 2, 4, 4, 6, 0, 4, 12, 0, 3
      48       21277.7      2191.0  2156, 2, 2, 5, 7, 0, 4, 10, 0, 5
      49       21299.8      2163.0  2126, 0, 2, 4, 7, 0, 8, 10, 0, 6
      50       22096.1      2031.0  1996, 0, 2, 4, 7, 0, 6, 9, 0, 7
      51       25322.6      1989.0  1956, 0, 2, 4, 7, 0, 8, 7, 0, 5
      52       30695.1      1980.0  1950, 0, 6, 4, 6, 0, 4, 6, 0, 4
      53       41193.8      1968.0  1936, 0, 6, 3, 6, 0, 0, 11, 0, 6
      54       41219.1      1959.0  1927, 0, 4, 4, 7, 0, 4, 6, 0, 7
      55       41397.8      1956.0  1925, 0, 6, 3, 6, 0, 4, 6, 0, 6
      56       41407.7      1938.0  1907, 0, 6, 3, 6, 0, 4, 5, 0, 7
      57       41438.7      1918.0  1887, 2, 2, 3, 8, 0, 2, 8, 0, 6
      58       41444.1      1845.0  1815, 0, 4, 3, 7, 0, 2, 9, 0, 5
      59       49241.0      1785.0  1757, 0, 4, 3, 7, 0, 4, 6, 0, 4
      60       49258.2      1704.0  1679, 0, 6, 3, 6, 0, 0, 8, 0, 2
      61       93288.5      1665.0  1638, 0, 4, 2, 7, 0, 0, 10, 0, 4
      62       93295.9      1659.0  1631, 0, 4, 1, 7, 0, 2, 8, 0, 6
      63       93297.3      1605.0  1577, 0, 0, 1, 9, 0, 6, 8, 0, 4
      64      100251.1      1584.0  1557, 0, 2, 1, 8, 0, 4, 7, 0, 5
      65      100253.2      1563.0  1537, 0, 4, 1, 7, 0, 2, 6, 0, 6
      66      101809.8      1557.0  1533, 0, 4, 1, 7, 0, 4, 6, 0, 2
      67      101828.0      1431.0  1407, 0, 0, 1, 9, 0, 6, 5, 0, 3
      68      172505.6      1341.0  1317, 0, 0, 0, 9, 0, 4, 6, 0, 5
      69      172554.2      1278.0  1257, 0, 2, 0, 8, 0, 2, 6, 0, 3

--- Solution (notes MIDI) ---
52 57 60 59 59 57 55 53 52 64 65 69 67 62 60 59 57 55 
