========================================
  RÉSULTATS : 3voices_1_1_1_vtype_2_2
========================================

--- Configuration ---
CF                : 8 (Do Reference Grave)
Gamme indicative  : Majeur
Preset            : bryce
Borrow mode       : 0
Mode d'objectif   : pond (score lex pondéré)
Nombre de voix    : 3
Espèces (incl CF) : 1 0 0
v_type            : 2 2
Timeout max (ms)  : 180000
Stagnation (ms)   : 0
Cantus firmus     : 48 50 53 52 55 53 52 50 48
                    Do3 Ré3 Fa3 Mi3 Sol3 Fa3 Mi3 Ré3 Do3

--- Métriques de recherche ---
Temps total (ms)            : 180000.1
Temps 1ère solution (ms)    : 9.9
Temps dernière amélio. (ms) : 85018.5
Solutions trouvées          : 54
Améliorations de coût       : 53
Score pondéré           : 1431.0
Terminaison                 : TIMEOUT_MAX

--- Statistiques Gecode ---
Nœuds      : 1550805
Échecs     : 775345
Restarts   : 0
Propagat.  : 1465866536
Profondeur : 62

--- Améliorations ---
    Sol#    Temps (ms)       Coût
       1           9.9      4938.0
       2          10.6      4689.0
       3          10.9      4368.0
       4          12.4      4065.0
       5          13.0      3957.0
       6          15.2      3825.0
       7          16.5      3717.0
       8          17.9      3672.0
       9          19.2      3573.0
      10          19.6      3465.0
      11          31.5      3387.0
      12          39.8      3297.0
      13          52.1      3264.0
      14          56.4      3180.0
      15          66.6      3129.0
      16          67.2      3078.0
      17          69.9      3036.0
      18         195.9      3018.0
      19         196.4      2976.0
      20         289.6      2869.0
      21         306.6      2827.0
      22         311.3      2824.0
      23         387.6      2749.0
      24         389.0      2733.0
      25        1727.8      2707.0
      26        1729.5      2704.0
      27        2630.9      2674.0
      28        2632.3      2658.0
      29        3905.8      2641.0
      30        3909.0      2638.0
      31        3979.9      2472.0
      32        4192.7      2469.0
      33       12592.9      2406.0
      34       12613.5      2373.0
      35       13958.6      2274.0
      36       13971.7      2178.0
      37       15476.3      2163.0
      38       15476.6      2142.0
      39       15607.6      2127.0
      40       15619.4      2115.0
      41       15619.7      2064.0
      42       15623.8      2031.0
      43       16038.4      1989.0
      44       25482.1      1980.0
      45       46697.5      1944.0
      46       46976.2      1821.0
      47       50541.5      1806.0
      48       51941.2      1803.0
      50       53220.2      1785.0
      51       53254.7      1752.0
      52       53266.2      1704.0
      53       84880.2      1542.0
      54       85018.5      1431.0

--- Évolution du vecteur de coûts (toutes les solutions BAB) ---
    Sol#    Temps (ms)        Cost  Vecteur lex
       1           9.9      4938.0  4852, 0, 12, 8, 4, 0, 14, 34, 0, 14
       2          10.6      4689.0  4608, 0, 12, 7, 5, 0, 14, 29, 0, 14
       3          10.9      4368.0  4292, 0, 10, 7, 4, 0, 14, 29, 0, 12
       4          12.4      4065.0  3994, 0, 10, 7, 3, 0, 12, 26, 0, 13
       5          13.0      3957.0  3889, 0, 10, 7, 3, 0, 12, 25, 0, 11
       6          15.2      3825.0  3759, 0, 10, 7, 3, 0, 12, 21, 0, 13
       7          16.5      3717.0  3654, 0, 10, 7, 3, 0, 12, 20, 0, 11
       8          17.9      3672.0  3612, 0, 12, 8, 2, 0, 12, 15, 0, 11
       9          19.2      3573.0  3513, 0, 10, 7, 3, 0, 12, 17, 0, 11
      10          19.6      3465.0  3408, 0, 10, 7, 3, 0, 12, 16, 0, 9
      11          31.5      3387.0  3332, 0, 10, 8, 3, 0, 12, 12, 0, 10
      12          39.8      3297.0  3245, 0, 10, 8, 3, 0, 12, 12, 0, 7
      13          52.1      3264.0  3211, 0, 8, 7, 4, 0, 12, 16, 0, 6
      14          56.4      3180.0  3128, 0, 8, 7, 4, 0, 12, 13, 0, 8
      15          66.6      3129.0  3079, 0, 10, 7, 3, 0, 10, 12, 0, 8
      16          67.2      3078.0  3027, 0, 8, 7, 4, 0, 10, 12, 0, 10
      17          69.9      3036.0  2987, 0, 8, 7, 4, 0, 12, 10, 0, 8
      18         195.9      3018.0  2969, 0, 8, 7, 4, 0, 10, 12, 0, 8
      19         196.4      2976.0  2929, 0, 8, 7, 4, 0, 12, 10, 0, 6
      20         289.6      2869.0  2824, 2, 6, 7, 5, 0, 2, 19, 0, 4
      21         306.6      2827.0  2784, 2, 6, 7, 5, 0, 4, 17, 0, 2
      22         311.3      2824.0  2782, 2, 8, 7, 4, 0, 4, 14, 0, 3
      23         387.6      2749.0  2708, 2, 6, 7, 5, 0, 6, 13, 0, 2
      24         389.0      2733.0  2692, 0, 10, 7, 3, 0, 4, 14, 0, 3
      25        1727.8      2707.0  2665, 2, 6, 6, 5, 0, 4, 15, 0, 4
      26        1729.5      2704.0  2663, 2, 8, 6, 4, 0, 4, 12, 0, 5
      27        2630.9      2674.0  2631, 2, 4, 6, 6, 0, 6, 13, 0, 6
      28        2632.3      2658.0  2615, 0, 8, 6, 4, 0, 4, 14, 0, 7
      29        3905.8      2641.0  2597, 2, 2, 5, 7, 0, 4, 20, 0, 4
      30        3909.0      2638.0  2595, 2, 4, 5, 6, 0, 4, 17, 0, 5
      31        3979.9      2472.0  2431, 0, 4, 5, 6, 0, 6, 16, 0, 4
      32        4192.7      2469.0  2429, 0, 6, 5, 5, 0, 6, 13, 0, 5
      33       12592.9      2406.0  2369, 0, 8, 6, 4, 0, 6, 7, 0, 6
      34       12613.5      2373.0  2335, 0, 6, 5, 5, 0, 8, 8, 0, 6
      35       13958.6      2274.0  2236, 0, 4, 5, 6, 0, 4, 13, 0, 6
      36       13971.7      2178.0  2142, 0, 4, 5, 6, 0, 6, 8, 0, 7
      37       15476.3      2163.0  2126, 0, 2, 4, 7, 0, 8, 10, 0, 6
      38       15476.6      2142.0  2106, 0, 4, 4, 6, 0, 8, 6, 0, 8
      39       15607.6      2127.0  2093, 0, 6, 4, 5, 0, 4, 10, 0, 5
      40       15619.4      2115.0  2082, 0, 6, 5, 5, 0, 4, 8, 0, 5
      41       15619.7      2064.0  2030, 0, 4, 5, 6, 0, 4, 8, 0, 7
      42       15623.8      2031.0  1996, 0, 2, 4, 7, 0, 6, 9, 0, 7
      43       16038.4      1989.0  1956, 0, 2, 4, 7, 0, 8, 7, 0, 5
      44       25482.1      1980.0  1950, 0, 6, 4, 6, 0, 4, 6, 0, 4
      45       46697.5      1944.0  1914, 0, 6, 3, 6, 0, 4, 7, 0, 4
      46       46976.2      1821.0  1793, 0, 4, 3, 7, 0, 6, 5, 0, 3
      47       50541.5      1806.0  1777, 0, 2, 3, 8, 0, 8, 4, 0, 4
      48       51941.2      1803.0  1775, 0, 4, 3, 7, 0, 6, 4, 0, 4
      49       51951.0      1803.0  1775, 0, 4, 3, 7, 0, 4, 7, 0, 3
      50       53220.2      1785.0  1757, 0, 4, 3, 7, 0, 4, 6, 0, 4
      51       53254.7      1752.0  1726, 0, 6, 3, 6, 0, 2, 6, 0, 3
      52       53266.2      1704.0  1679, 0, 6, 3, 6, 0, 0, 8, 0, 2
      53       84880.2      1542.0  1517, 0, 2, 1, 8, 0, 6, 5, 0, 3
      54       85018.5      1431.0  1407, 0, 0, 1, 9, 0, 6, 5, 0, 3

--- Solution (notes MIDI) ---
55 57 57 59 62 60 59 57 55 52 53 50 55 59 57 55 53 52 
