========================================
  RÉSULTATS : 3voices_1_1_1_vtype_3_2
========================================

--- Configuration ---
CF                : 8 (Do Reference Grave)
Gamme indicative  : Majeur
Preset            : bryce
Borrow mode       : 0
Mode d'objectif   : pond (score lex pondéré)
Nombre de voix    : 3
Espèces (incl CF) : 1 0 0
v_type            : 3 2
Timeout max (ms)  : 180000
Stagnation (ms)   : 0
Cantus firmus     : 48 50 53 52 55 53 52 50 48
                    Do3 Ré3 Fa3 Mi3 Sol3 Fa3 Mi3 Ré3 Do3

--- Métriques de recherche ---
Temps total (ms)            : 180000.1
Temps 1ère solution (ms)    : 8.8
Temps dernière amélio. (ms) : 140454.5
Solutions trouvées          : 95
Améliorations de coût       : 94
Score pondéré           : 1071.0
Terminaison                 : TIMEOUT_MAX

--- Statistiques Gecode ---
Nœuds      : 1609017
Échecs     : 804410
Restarts   : 0
Propagat.  : 1277447656
Profondeur : 45

--- Améliorations ---
    Sol#    Temps (ms)       Coût
       1           8.8      9859.0
       2          10.7      9538.0
       3          11.4      8320.0
       4          11.8      8071.0
       5          12.3      7750.0
       6          12.5      7675.0
       7          13.2      7612.0
       8          13.9      7291.0
       9          16.9      6268.0
      10          17.4      6019.0
      11          17.9      5698.0
      12          18.4      5590.0
      13          21.8      5515.0
      14          31.0      5405.0
      15          34.8      5401.0
      16          40.2      5386.0
      17          42.3      5311.0
      18          57.7      5275.0
      19          67.8      5266.0
      20          69.6      5155.0
      21         129.8      5149.0
      22         176.5      5133.0
      23         188.6      5040.0
      24         190.9      5007.0
      25         199.6      4863.0
      26         241.2      4759.0
      27         241.4      4624.0
      28         242.4      4438.0
      29         243.0      4330.0
      30         244.7      4237.0
      31         246.8      4229.0
      32         249.5      4219.0
      33         250.9      4165.0
      34         251.8      4030.0
      35         255.1      3928.0
      36         257.2      3844.0
      37         258.0      3709.0
      38         260.3      3625.0
      39         264.5      3565.0
      40         265.0      3457.0
      41         268.3      3424.0
      42         283.9      3394.0
      43         286.8      3313.0
      44         308.4      3312.0
      45         311.2      3222.0
      46         324.9      3151.0
      47         327.4      3066.0
      48         332.5      3033.0
      49         363.4      2940.0
      50         368.2      2931.0
      51         394.9      2889.0
      52         397.5      2856.0
      54        1969.7      2820.0
      55        1972.4      2787.0
      56        2403.6      2760.0
      57        2425.2      2724.0
      58        2466.1      2721.0
      59        2469.0      2709.0
      60        2469.6      2658.0
      61        2469.9      2616.0
      62        2517.7      2598.0
      63        2518.0      2547.0
      64        2518.2      2505.0
      65        2742.8      2481.0
      66        4485.6      2469.0
      67        4667.0      2442.0
      68        4742.4      2406.0
      69        4773.0      2383.0
      70        4776.1      2362.0
      71        4784.3      2323.0
      72        4785.1      2272.0
      73        4792.6      2254.0
      74        4803.3      2242.0
      75        4803.7      2191.0
      76        4837.4      2175.0
      77        4844.1      2064.0
      78        4852.4      2031.0
      79        5313.4      1989.0
      80        7630.9      1980.0
      81        8343.5      1884.0
      82        8364.1      1833.0
      83        8369.2      1800.0
      84        8379.0      1785.0
      85        8457.8      1704.0
      86       14198.5      1701.0
      87       16854.2      1638.0
      88       19892.0      1557.0
      89       20279.0      1479.0
      90       20543.0      1431.0
      91       40801.6      1425.0
      92       80948.5      1326.0
      93      139106.7      1242.0
      94      140167.6      1137.0
      95      140454.5      1071.0

--- Évolution du vecteur de coûts (toutes les solutions BAB) ---
    Sol#    Temps (ms)        Cost  Vecteur lex
       1           8.8      9859.0  9674, 2, 12, 9, 5, 0, 8, 138, 0, 11
       2          10.7      9538.0  9358, 2, 10, 9, 4, 0, 8, 138, 0, 9
       3          11.4      8320.0  8168, 2, 12, 11, 4, 0, 8, 104, 0, 11
       4          11.8      8071.0  7924, 2, 12, 10, 5, 0, 8, 99, 0, 11
       5          12.3      7750.0  7608, 2, 10, 10, 4, 0, 8, 99, 0, 9
       6          12.5      7675.0  7534, 2, 10, 10, 3, 0, 8, 99, 0, 9
       7          13.2      7612.0  7474, 2, 12, 9, 4, 0, 8, 94, 0, 9
       8          13.9      7291.0  7158, 2, 10, 9, 3, 0, 8, 94, 0, 7
       9          16.9      6268.0  6158, 2, 14, 10, 2, 0, 8, 61, 0, 13
      10          17.4      6019.0  5914, 2, 14, 9, 3, 0, 8, 56, 0, 13
      11          17.9      5698.0  5598, 2, 12, 9, 2, 0, 8, 56, 0, 11
      12          18.4      5590.0  5493, 2, 12, 9, 2, 0, 8, 55, 0, 9
      13          21.8      5515.0  5419, 2, 10, 9, 3, 0, 10, 54, 0, 8
      14          31.0      5405.0  5315, 4, 10, 10, 3, 0, 8, 50, 0, 5
      15          34.8      5401.0  5307, 2, 10, 9, 3, 0, 10, 51, 0, 9
      16          40.2      5386.0  5294, 2, 12, 9, 2, 0, 8, 52, 0, 7
      17          42.3      5311.0  5220, 2, 10, 9, 3, 0, 10, 51, 0, 6
      18          57.7      5275.0  5184, 2, 10, 8, 3, 0, 10, 52, 0, 6
      19          67.8      5266.0  5178, 2, 12, 9, 2, 0, 8, 52, 0, 3
      20          69.6      5155.0  5068, 2, 10, 9, 3, 0, 8, 52, 0, 3
      21         129.8      5149.0  5061, 2, 10, 9, 3, 0, 10, 47, 0, 7
      22         176.5      5133.0  5045, 0, 12, 9, 3, 0, 10, 47, 0, 7
      23         188.6      5040.0  4953, 0, 12, 8, 2, 0, 10, 49, 0, 6
      24         190.9      5007.0  4919, 0, 10, 8, 3, 0, 10, 50, 0, 7
      25         199.6      4863.0  4778, 0, 10, 8, 3, 0, 10, 47, 0, 7
      26         241.2      4759.0  4681, 2, 14, 10, 3, 0, 12, 22, 0, 15
      27         241.4      4624.0  4549, 2, 14, 10, 2, 0, 12, 22, 0, 13
      28         242.4      4438.0  4365, 2, 14, 9, 2, 0, 10, 21, 0, 15
      29         243.0      4330.0  4260, 2, 14, 9, 2, 0, 10, 20, 0, 13
      30         244.7      4237.0  4168, 2, 12, 8, 3, 0, 12, 21, 0, 11
      31         246.8      4229.0  4162, 4, 12, 8, 3, 0, 10, 19, 0, 11
      32         249.5      4219.0  4150, 2, 12, 9, 3, 0, 10, 20, 0, 13
      33         250.9      4165.0  4096, 2, 10, 8, 5, 0, 12, 19, 0, 13
      34         251.8      4030.0  3964, 2, 10, 8, 4, 0, 12, 19, 0, 11
      35         255.1      3928.0  3866, 2, 14, 8, 2, 0, 8, 17, 0, 11
      36         257.2      3844.0  3783, 2, 12, 8, 4, 0, 8, 16, 0, 11
      37         258.0      3709.0  3651, 2, 12, 8, 3, 0, 8, 16, 0, 9
      38         260.3      3625.0  3568, 2, 12, 8, 3, 0, 8, 13, 0, 11
      39         264.5      3565.0  3510, 2, 12, 8, 3, 0, 10, 10, 0, 10
      40         265.0      3457.0  3405, 2, 12, 8, 3, 0, 10, 9, 0, 8
      41         268.3      3424.0  3371, 2, 10, 8, 4, 0, 10, 10, 0, 9
      42         283.9      3394.0  3342, 2, 10, 8, 4, 0, 12, 7, 0, 9
      43         286.8      3313.0  3264, 2, 12, 8, 3, 0, 10, 6, 0, 8
      44         308.4      3312.0  3261, 0, 14, 8, 2, 0, 10, 6, 0, 11
      45         311.2      3222.0  3174, 0, 14, 8, 2, 0, 8, 9, 0, 7
      46         324.9      3151.0  3105, 2, 12, 7, 3, 0, 10, 5, 0, 7
      47         327.4      3066.0  3019, 0, 10, 7, 4, 0, 14, 5, 0, 7
      48         332.5      3033.0  2988, 0, 12, 8, 3, 0, 10, 5, 0, 7
      49         363.4      2940.0  2893, 0, 8, 7, 4, 0, 14, 5, 0, 9
      50         368.2      2931.0  2887, 0, 10, 8, 3, 0, 10, 8, 0, 5
      51         394.9      2889.0  2844, 0, 10, 7, 3, 0, 10, 7, 0, 8
      52         397.5      2856.0  2810, 0, 8, 7, 4, 0, 10, 8, 0, 9
      53         842.0      2856.0  2810, 0, 8, 6, 4, 0, 12, 8, 0, 8
      54        1969.7      2820.0  2774, 0, 8, 5, 4, 0, 14, 6, 0, 9
      55        1972.4      2787.0  2740, 0, 6, 5, 5, 0, 14, 7, 0, 10
      56        2403.6      2760.0  2716, 0, 8, 6, 4, 0, 10, 9, 0, 7
      57        2425.2      2724.0  2683, 0, 8, 6, 4, 0, 12, 9, 0, 2
      58        2466.1      2721.0  2681, 0, 10, 6, 3, 0, 10, 9, 0, 2
      59        2469.0      2709.0  2667, 0, 10, 5, 3, 0, 10, 8, 0, 6
      60        2469.6      2658.0  2615, 0, 8, 5, 4, 0, 10, 8, 0, 8
      61        2469.9      2616.0  2575, 0, 8, 5, 4, 0, 12, 6, 0, 6
      62        2517.7      2598.0  2557, 0, 8, 5, 4, 0, 10, 8, 0, 6
      63        2518.0      2547.0  2505, 0, 6, 5, 5, 0, 10, 8, 0, 8
      64        2518.2      2505.0  2465, 0, 6, 5, 5, 0, 12, 6, 0, 6
      65        2742.8      2481.0  2443, 0, 6, 6, 5, 0, 10, 8, 0, 3
      66        4485.6      2469.0  2429, 0, 6, 6, 5, 0, 10, 4, 0, 9
      67        4667.0      2442.0  2399, 0, 4, 5, 6, 0, 6, 11, 0, 11
      68        4742.4      2406.0  2366, 0, 4, 5, 6, 0, 10, 8, 0, 7
      69        4773.0      2383.0  2344, 2, 2, 4, 7, 0, 8, 11, 0, 5
      70        4776.1      2362.0  2321, 2, 0, 4, 8, 0, 8, 11, 0, 8
      71        4784.3      2323.0  2286, 2, 2, 4, 7, 0, 10, 8, 0, 4
      72        4785.1      2272.0  2234, 2, 0, 4, 8, 0, 10, 8, 0, 6
      73        4792.6      2254.0  2219, 2, 4, 4, 6, 0, 6, 9, 0, 4
      74        4803.3      2242.0  2208, 2, 4, 5, 6, 0, 6, 7, 0, 4
      75        4803.7      2191.0  2156, 2, 2, 5, 7, 0, 6, 7, 0, 6
      76        4837.4      2175.0  2140, 0, 6, 5, 5, 0, 4, 8, 0, 7
      77        4844.1      2064.0  2030, 0, 4, 5, 6, 0, 4, 8, 0, 7
      78        4852.4      2031.0  1996, 0, 2, 4, 7, 0, 6, 9, 0, 7
      79        5313.4      1989.0  1956, 0, 2, 4, 7, 0, 8, 7, 0, 5
      80        7630.9      1980.0  1950, 0, 6, 4, 6, 0, 4, 6, 0, 4
      81        8343.5      1884.0  1853, 0, 2, 3, 8, 0, 4, 11, 0, 3
      82        8364.1      1833.0  1804, 0, 4, 3, 7, 0, 4, 7, 0, 4
      83        8369.2      1800.0  1770, 0, 2, 3, 8, 0, 4, 8, 0, 5
      84        8379.0      1785.0  1757, 0, 4, 3, 7, 0, 2, 9, 0, 3
      85        8457.8      1704.0  1679, 0, 6, 3, 6, 0, 0, 8, 0, 2
      86       14198.5      1701.0  1671, 0, 0, 1, 9, 0, 6, 10, 0, 4
      87       16854.2      1638.0  1611, 0, 2, 1, 8, 0, 6, 7, 0, 3
      88       19892.0      1557.0  1533, 0, 4, 1, 7, 0, 4, 6, 0, 2
      89       20279.0      1479.0  1457, 0, 4, 2, 7, 0, 2, 5, 0, 2
      90       20543.0      1431.0  1407, 0, 0, 1, 9, 0, 6, 5, 0, 3
      91       40801.6      1425.0  1403, 0, 4, 0, 7, 0, 4, 5, 0, 2
      92       80948.5      1326.0  1304, 0, 2, 0, 8, 0, 4, 4, 0, 4
      93      139106.7      1242.0  1221, 0, 2, 0, 8, 0, 2, 4, 0, 5
      94      140167.6      1137.0  1118, 0, 0, 0, 9, 0, 2, 6, 0, 2
      95      140454.5      1071.0  1053, 0, 0, 0, 9, 0, 2, 4, 0, 3

--- Solution (notes MIDI) ---
67 69 72 71 71 69 67 65 64 64 65 69 67 62 60 59 57 55 
