========================================
  RÉSULTATS : 3voices_1_1_1_vtype_3_3
========================================

--- Configuration ---
CF                : 8 (Do Reference Grave)
Gamme indicative  : Majeur
Preset            : bryce
Borrow mode       : 0
Mode d'objectif   : pond (score lex pondéré)
Nombre de voix    : 3
Espèces (incl CF) : 1 0 0
v_type            : 3 3
Timeout max (ms)  : 180000
Stagnation (ms)   : 0
Cantus firmus     : 48 50 53 52 55 53 52 50 48
                    Do3 Ré3 Fa3 Mi3 Sol3 Fa3 Mi3 Ré3 Do3

--- Métriques de recherche ---
Temps total (ms)            : 180000.1
Temps 1ère solution (ms)    : 12.0
Temps dernière amélio. (ms) : 145440.9
Solutions trouvées          : 92
Améliorations de coût       : 90
Score pondéré           : 1701.0
Terminaison                 : TIMEOUT_MAX

--- Statistiques Gecode ---
Nœuds      : 1638994
Échecs     : 819401
Restarts   : 0
Propagat.  : 1288326223
Profondeur : 59

--- Améliorations ---
    Sol#    Temps (ms)       Coût
       1          12.0      7998.0
       2          12.6      7506.0
       3          14.1      5937.0
       4          14.6      5730.0
       5          15.9      5682.0
       6          16.6      5649.0
       7          19.7      5595.0
       8          24.0      5529.0
       9          31.4      5412.0
      10          54.6      5394.0
      11          55.8      5379.0
      12          56.2      5313.0
      13          58.1      5253.0
      14          59.0      5220.0
      15          59.1      5187.0
      16          59.8      5172.0
      17          60.6      5145.0
      18          79.5      5139.0
      19          80.1      5121.0
      20          83.8      5097.0
      21          84.4      5094.0
      23          95.7      5085.0
      24         109.2      5025.0
      25         127.0      4917.0
      26         127.3      4872.0
      27         128.2      4755.0
      28         188.1      4749.0
      29         228.6      4725.0
      30         232.5      4716.0
      31         287.9      4701.0
      32         288.5      4698.0
      34         297.6      4689.0
      35         350.9      4629.0
      36         478.1      4620.0
      37         478.4      4602.0
      38         478.9      4584.0
      39         480.8      4548.0
      40         531.0      4512.0
      41         531.3      4461.0
      42         534.9      4452.0
      43         555.1      4449.0
      44         709.0      4362.0
      45         718.5      4353.0
      46         718.9      4335.0
      47         721.0      4326.0
      48        1441.1      4293.0
      49        2904.7      4281.0
      50        2909.2      4197.0
      51        2913.0      4179.0
      52        2920.0      4158.0
      53        2940.5      4062.0
      54        3167.0      4035.0
      55        3177.7      4032.0
      56        3435.8      3945.0
      57        3439.1      3909.0
      58        9493.7      3858.0
      59        9806.8      3846.0
      60        9932.3      3840.0
      61        9939.5      3825.0
      62        9943.6      3714.0
      63        9954.7      3702.0
      64        9957.6      3618.0
      65        9963.7      3615.0
      66       10038.5      3603.0
      67       10043.1      3492.0
      68       20855.8      3471.0
      69       22042.0      3429.0
      70       22045.6      3423.0
      71       22047.2      3381.0
      72       22049.4      3231.0
      73       22054.7      3093.0
      74       22061.8      3003.0
      75       22062.8      2982.0
      76       22064.4      2853.0
      77       22065.0      2778.0
      78       22068.5      2553.0
      79       22116.2      2532.0
      80       22201.4      2436.0
      81       22219.0      2313.0
      82       29734.3      2223.0
      83       29739.5      2148.0
      84       29745.1      2145.0
      85       29746.7      2070.0
      86       29751.7      2064.0
      87       29829.0      1950.0
      88       48135.2      1890.0
      89       48173.5      1827.0
      90       48180.6      1785.0
      91      145426.8      1743.0
      92      145440.9      1701.0

--- Évolution du vecteur de coûts (toutes les solutions BAB) ---
    Sol#    Temps (ms)        Cost  Vecteur lex
       1          12.0      7998.0  7843, 0, 10, 2, 6, 0, 6, 121, 0, 10
       2          12.6      7506.0  7362, 0, 10, 2, 6, 0, 6, 112, 0, 8
       3          14.1      5937.0  5827, 0, 12, 3, 5, 0, 8, 71, 0, 11
       4          14.6      5730.0  5623, 0, 10, 2, 6, 0, 8, 72, 0, 9
       5          15.9      5682.0  5576, 0, 12, 2, 4, 0, 6, 72, 0, 10
       6          16.6      5649.0  5545, 0, 12, 2, 5, 0, 6, 71, 0, 8
       7          19.7      5595.0  5488, 0, 8, 3, 5, 0, 6, 74, 0, 11
       8          24.0      5529.0  5426, 0, 10, 2, 7, 0, 6, 68, 0, 10
       9          31.4      5412.0  5312, 0, 10, 2, 8, 0, 4, 67, 0, 9
      10          54.6      5394.0  5297, 0, 12, 4, 6, 0, 8, 57, 0, 10
      11          55.8      5379.0  5281, 0, 12, 4, 5, 0, 6, 60, 0, 11
      12          56.2      5313.0  5219, 0, 14, 4, 5, 0, 6, 56, 0, 9
      13          58.1      5253.0  5155, 0, 10, 4, 5, 0, 4, 63, 0, 12
      14          59.0      5220.0  5124, 0, 12, 4, 4, 0, 4, 60, 0, 12
      15          59.1      5187.0  5093, 0, 12, 4, 5, 0, 4, 59, 0, 10
      16          59.8      5172.0  5077, 0, 10, 4, 6, 0, 6, 58, 0, 11
      17          60.6      5145.0  5050, 0, 10, 5, 5, 0, 4, 59, 0, 12
      18          79.5      5139.0  5043, 0, 12, 2, 5, 0, 2, 62, 0, 13
      19          80.1      5121.0  5028, 0, 12, 2, 7, 0, 2, 61, 0, 9
      20          83.8      5097.0  5000, 0, 8, 2, 7, 0, 4, 64, 0, 12
      21          84.4      5094.0  4998, 0, 8, 2, 8, 0, 4, 63, 0, 11
      22          87.2      5094.0  4995, 0, 8, 2, 6, 0, 2, 66, 0, 15
      23          95.7      5085.0  4992, 0, 10, 2, 9, 0, 2, 61, 0, 9
      24         109.2      5025.0  4937, 0, 12, 3, 9, 0, 8, 47, 0, 9
      25         127.0      4917.0  4826, 0, 10, 3, 7, 0, 8, 48, 0, 15
      26         127.3      4872.0  4784, 0, 10, 2, 8, 0, 10, 48, 0, 10
      27         128.2      4755.0  4670, 0, 10, 2, 9, 0, 8, 47, 0, 9
      28         188.1      4749.0  4663, 0, 10, 3, 9, 0, 4, 48, 0, 12
      29         228.6      4725.0  4635, 0, 8, 2, 7, 0, 4, 55, 0, 14
      30         232.5      4716.0  4632, 0, 10, 2, 10, 0, 4, 50, 0, 8
      31         287.9      4701.0  4613, 0, 8, 3, 7, 0, 4, 54, 0, 12
      32         288.5      4698.0  4611, 0, 8, 3, 8, 0, 4, 53, 0, 11
      33         289.9      4698.0  4608, 0, 8, 3, 6, 0, 2, 56, 0, 15
      34         297.6      4689.0  4605, 0, 10, 3, 9, 0, 2, 51, 0, 9
      35         350.9      4629.0  4541, 0, 10, 2, 5, 0, 2, 54, 0, 15
      36         478.1      4620.0  4538, 0, 14, 2, 4, 0, 4, 49, 0, 9
      37         478.4      4602.0  4517, 0, 12, 2, 4, 0, 4, 50, 0, 13
      38         478.9      4584.0  4502, 0, 12, 2, 6, 0, 4, 49, 0, 9
      39         480.8      4548.0  4466, 0, 10, 2, 8, 0, 4, 49, 0, 9
      40         531.0      4512.0  4427, 0, 10, 2, 4, 0, 4, 52, 0, 13
      41         531.3      4461.0  4375, 0, 8, 2, 5, 0, 4, 52, 0, 15
      42         534.9      4452.0  4372, 0, 10, 2, 8, 0, 4, 47, 0, 9
      43         555.1      4449.0  4370, 0, 10, 2, 9, 0, 2, 49, 0, 7
      44         709.0      4362.0  4285, 0, 12, 2, 6, 0, 2, 48, 0, 7
      45         718.5      4353.0  4273, 0, 10, 2, 5, 0, 2, 52, 0, 9
      46         718.9      4335.0  4252, 0, 8, 2, 5, 0, 2, 53, 0, 13
      47         721.0      4326.0  4249, 0, 10, 2, 8, 0, 2, 48, 0, 7
      48        1441.1      4293.0  4212, 0, 8, 2, 5, 0, 4, 51, 0, 11
      49        2904.7      4281.0  4201, 0, 8, 2, 5, 0, 4, 52, 0, 9
      50        2909.2      4197.0  4118, 0, 8, 2, 5, 0, 4, 49, 0, 11
      51        2913.0      4179.0  4103, 0, 8, 2, 7, 0, 4, 48, 0, 7
      52        2920.0      4158.0  4080, 0, 6, 2, 6, 0, 4, 53, 0, 7
      53        2940.5      4062.0  3989, 0, 8, 2, 6, 0, 6, 46, 0, 5
      54        3167.0      4035.0  3962, 0, 8, 2, 7, 0, 4, 45, 0, 7
      55        3177.7      4032.0  3960, 0, 8, 2, 8, 0, 2, 47, 0, 5
      56        3435.8      3945.0  3875, 0, 10, 2, 5, 0, 2, 46, 0, 5
      57        3439.1      3909.0  3839, 0, 8, 2, 7, 0, 2, 46, 0, 5
      58        9493.7      3858.0  3790, 0, 8, 3, 6, 0, 2, 46, 0, 3
      59        9806.8      3846.0  3776, 0, 6, 2, 6, 0, 4, 49, 0, 3
      60        9932.3      3840.0  3769, 0, 6, 3, 6, 0, 4, 44, 0, 8
      61        9939.5      3825.0  3756, 0, 8, 2, 5, 0, 4, 45, 0, 5
      62        9943.6      3714.0  3646, 0, 6, 2, 6, 0, 4, 45, 0, 5
      63        9954.7      3702.0  3635, 0, 6, 2, 6, 0, 4, 46, 0, 3
      64        9957.6      3618.0  3552, 0, 6, 2, 6, 0, 4, 43, 0, 5
      65        9963.7      3615.0  3550, 0, 6, 2, 7, 0, 2, 45, 0, 3
      66       10038.5      3603.0  3539, 0, 8, 2, 5, 0, 2, 44, 0, 3
      67       10043.1      3492.0  3429, 0, 6, 2, 6, 0, 2, 44, 0, 3
      68       20855.8      3471.0  3409, 0, 8, 2, 5, 0, 0, 43, 0, 4
      69       22042.0      3429.0  3372, 0, 12, 4, 3, 0, 10, 19, 0, 9
      70       22045.6      3423.0  3365, 0, 12, 3, 3, 0, 8, 23, 0, 9
      71       22047.2      3381.0  3325, 0, 14, 3, 3, 0, 4, 23, 0, 9
      72       22049.4      3231.0  3177, 0, 12, 3, 3, 0, 8, 19, 0, 9
      73       22054.7      3093.0  3040, 0, 12, 2, 3, 0, 4, 22, 0, 10
      74       22061.8      3003.0  2953, 0, 12, 3, 3, 0, 4, 19, 0, 9
      75       22062.8      2982.0  2933, 0, 12, 3, 4, 0, 4, 17, 0, 9
      76       22064.4      2853.0  2805, 0, 10, 3, 5, 0, 4, 16, 0, 10
      77       22065.0      2778.0  2731, 0, 10, 3, 4, 0, 4, 16, 0, 10
      78       22068.5      2553.0  2509, 0, 8, 3, 5, 0, 2, 16, 0, 10
      79       22116.2      2532.0  2489, 0, 8, 3, 6, 0, 2, 14, 0, 10
      80       22201.4      2436.0  2395, 0, 8, 3, 6, 0, 2, 12, 0, 10
      81       22219.0      2313.0  2274, 0, 8, 3, 5, 0, 2, 11, 0, 10
      82       29734.3      2223.0  2187, 0, 8, 2, 5, 0, 4, 11, 0, 6
      83       29739.5      2148.0  2113, 0, 6, 2, 6, 0, 4, 13, 0, 4
      84       29745.1      2145.0  2111, 0, 8, 2, 5, 0, 6, 7, 0, 6
      85       29746.7      2070.0  2037, 0, 6, 2, 6, 0, 8, 6, 0, 5
      86       29751.7      2064.0  2030, 0, 6, 3, 6, 0, 4, 7, 0, 8
      87       29829.0      1950.0  1918, 0, 6, 2, 6, 0, 2, 10, 0, 6
      88       48135.2      1890.0  1860, 0, 4, 2, 8, 0, 2, 12, 0, 2
      89       48173.5      1827.0  1797, 0, 4, 2, 7, 0, 2, 11, 0, 4
      90       48180.6      1785.0  1757, 0, 4, 2, 7, 0, 4, 9, 0, 2
      91      145426.8      1743.0  1714, 0, 4, 2, 7, 0, 2, 8, 0, 6
      92      145440.9      1701.0  1674, 0, 4, 2, 7, 0, 4, 6, 0, 4

--- Solution (notes MIDI) ---
60 62 57 55 59 60 59 57 55 69 71 72 71 74 69 67 65 64 
